lastAccountName: TacowzHD
timestamps:
  login: 1446591926514
  logout: 1446594499203
ipAddress: 192.168.1.36
lastlocation:
  world: Library_hub
  x: -171.95040976617656
  y: 69.0
  z: 235.17269075527935
  yaw: 218.7
  pitch: 16.349957
logoutlocation:
  world: Library_1st_2nd
  x: -246.7437816148339
  y: 4.5
  z: -1192.3244699708023
  yaw: -266.248
  pitch: 0.750023
