logoutlocation:
  world: Libraryhub
  x: -229.90283866521193
  y: 80.37171072297389
  z: 73.78500800149041
  yaw: -94.36629
  pitch: 20.227154
timestamps:
  logout: 1471118668838
  login: 1471206604237
  lastteleport: 1471204680335
lastAccountName: PRPLD09
ipAddress: 192.168.1.24
lastlocation:
  world: Libraryhub
  x: 293.3937178223077
  y: 102.82710824666576
  z: -236.93630658102086
  yaw: -261.86023
  pitch: 55.69352
afk: false
money: '0.0003'
