logoutlocation:
  world: Libraryhub
  x: 1414.6727874745368
  y: 75.0
  z: 856.6618442379013
  yaw: -50.3468
  pitch: -75.417244
timestamps:
  logout: 1456607576961
  login: 1456608252871
  lastteleport: 1456613840667
lastAccountName: PRPLD09
ipAddress: 192.168.1.14
lastlocation:
  world: Libraryhub
  x: 625.0476455545797
  y: 78.0
  z: 213.7595255694824
  yaw: 59.495422
  pitch: 22.703724
afk: false
money: '0.0003'
