logoutlocation:
  world: Libraryhub
  x: 55.40025914066561
  y: 57.0
  z: 206.49054609980018
  yaw: -159.61331
  pitch: 10.389554
timestamps:
  logout: 1453673931372
  login: 1453673980940
  lastteleport: 1453590190695
lastAccountName: PRPLD09
ipAddress: 192.168.1.12
lastlocation:
  world: Libraryhub
  x: 2940.398969459093
  y: 72.0
  z: -2795.466183191813
  yaw: 50.287506
  pitch: 7.173704
afk: false
money: '0.0003'
