lastAccountName: DracuKy
timestamps:
  login: 1477616111125
  logout: 1477619225523
  lastteleport: 1476409415815
ipAddress: 192.168.1.3
logoutlocation:
  world: PRPLDLibraryhub
  x: 68.51682856806804
  y: 72.0
  z: 352.0845059895606
  yaw: -304.3474
  pitch: 8.100003
lastlocation:
  world: PRPLDLibraryhub
  x: 100.94473880462782
  y: 92.9895942920387
  z: 420.9158243170783
  yaw: 324.01123
  pitch: 55.49999
nickname: ยง9BabyGrndHawg
afk: false
