lastAccountName: EliotTDM
timestamps:
  login: 1459022479256
  lastteleport: 1459022494674
  logout: 1459022529369
ipAddress: 192.168.1.5
lastlocation:
  world: Libraryhub
  x: -209.64649370793578
  y: 90.49728057759584
  z: 254.65042434025486
  yaw: -321.0
  pitch: 36.149998
logoutlocation:
  world: Libraryhub
  x: -328.5059111891391
  y: 71.0
  z: 316.3854294263103
  yaw: 4.376953
  pitch: 38.699997
