timestamps:
  logout: 1442700462351
  login: 1442697954316
  lastteleport: 1442699815902
logoutlocation:
  world: World
  x: 393.11929500874567
  y: 63.0
  z: 506.38827031454514
  yaw: 7.6879883
  pitch: 60.29994
lastAccountName: PRPLD12
ipAddress: 192.168.1.206
lastlocation:
  world: World
  x: -53.09388144695719
  y: 22.0
  z: -161.8405931214005
  yaw: -145.05309
  pitch: -14.700155
