timestamps:
  logout: 1442697678337
  login: 1442696528997
  lastteleport: 1442697590439
logoutlocation:
  world: World
  x: 34.52101880550791
  y: 71.0
  z: -77.30000001192094
  yaw: 38.40008
  pitch: -3.750004
lastAccountName: Mikeycreeper123
ipAddress: 192.168.1.214
lastlocation:
  world: World
  x: 199.47619280603251
  y: 47.0
  z: -348.38629318789634
  yaw: 307.9503
  pitch: -33.750042
