lastAccountName: PRPLD08
timestamps:
  login: 1500516904458
  logout: 1500516597500
  lastteleport: 1500524122190
  kits:
    tools: 1500520385060
ipAddress: 192.168.1.18
logoutlocation:
  world: PRPLDLibraryhub
  x: -8058.5
  y: 64.0
  z: -7886.5
  yaw: 159.24513
  pitch: 22.592543
lastlocation:
  world: PRPLDLibraryhub
  x: -4867.393491666982
  y: 68.0
  z: 492.292202266944
  yaw: 96.93511
  pitch: 18.107552
afk: false
money: '0.0001'
teleportenabled: true
