lastAccountName: PRPLD08
timestamps:
  login: 1453673437055
  logout: 1453672834848
  lastteleport: 1453590250841
ipAddress: 192.168.1.9
logoutlocation:
  world: Libraryhub
  x: -33.30000001192093
  y: 71.0
  z: 98.60354940185425
  yaw: 232.80139
  pitch: 5.7000036
lastlocation:
  world: Libraryhub
  x: 3135.9328635452985
  y: 88.98112011273201
  z: -3020.62140759014
  yaw: -32.808105
  pitch: -10.049946
afk: false
money: '0.0001'
