lastAccountName: PRPLD08
timestamps:
  login: 1456606435172
  logout: 1456607251963
  lastteleport: 1456614303219
ipAddress: 192.168.1.8
logoutlocation:
  world: Libraryhub
  x: -210.5
  y: 76.0
  z: 264.5
  yaw: 302.85843
  pitch: 12.293691
lastlocation:
  world: Libraryhub
  x: 1307.3430752135255
  y: 73.0
  z: 824.7893738464236
  yaw: 17.412598
  pitch: 75.14994
afk: false
money: '0.0001'
nickname: ยง9Zara08
