lastAccountName: PRPLD08
timestamps:
  login: 1442699390173
  logout: 1442700502348
ipAddress: 192.168.1.212
logoutlocation:
  world: World
  x: -518.4381581620678
  y: 75.0
  z: -148.60344568855362
  yaw: -312.89963
  pitch: 46.050045
lastlocation:
  world: World
  x: -56.09590290199226
  y: 49.0
  z: -212.30417758361025
  yaw: -112.65011
  pitch: 25.050005
