logoutlocation:
  world: Library_hub
  x: -210.5
  y: 68.0
  z: 257.5
  yaw: 302.99997
  pitch: 3.7500002
timestamps:
  logout: 1443722374898
  login: 1443722356443
lastAccountName: PRPLD16
ipAddress: 192.168.1.114
lastlocation:
  world: Library_3th_5th
  x: -16.340315655120104
  y: 69.0
  z: 218.253921648611
  yaw: 81.44996
  pitch: 6.4499965
