logoutlocation:
  world: Libraryhub
  x: 158.9369805185822
  y: 55.0
  z: 69.29438886647921
  yaw: 120.99367
  pitch: 4.2000284
timestamps:
  logout: 1471200751976
  login: 1471206662652
  lastteleport: 1471118578839
lastAccountName: PRPLD16
ipAddress: 192.168.1.16
lastlocation:
  world: Libraryhub
  x: 154.74818998255427
  y: 54.166109260938214
  z: 68.88370995993711
  yaw: 302.34363
  pitch: -0.59997404
afk: false
money: '0.0003'
