logoutlocation:
  world: World
  x: 22.012574074912017
  y: 46.0
  z: -205.1612353127937
  yaw: -2.849146
  pitch: -13.349994
timestamps:
  logout: 1442700317350
  login: 1442700003007
lastAccountName: PRPLD16
ipAddress: 192.168.1.203
lastlocation:
  world: Library_3th_5th
  x: -16.340315655120104
  y: 69.0
  z: 218.253921648611
  yaw: 81.44996
  pitch: 6.4499965
