logoutlocation:
  world: Libraryhub
  x: 70.05760991893662
  y: 69.0
  z: 287.6241350724711
  yaw: 78.862465
  pitch: 21.449932
timestamps:
  logout: 1453673459634
  login: 1453673422830
  lastteleport: 1453590065140
lastAccountName: PRPLD16
ipAddress: 192.168.1.57
lastlocation:
  world: Libraryhub
  x: 2932.300000011921
  y: 68.0
  z: -2787.640231439163
  yaw: 190.09328
  pitch: 21.299997
afk: false
money: '0.0003'
