lastAccountName: PRPLD06
timestamps:
  login: 1442697404933
  logout: 1442697633348
ipAddress: 192.168.1.211
logoutlocation:
  world: Library_3th_5th
  x: -59.30000001192092
  y: 56.0
  z: 57.003867879144664
  yaw: -79.04955
  pitch: -51.449997
