lastAccountName: PRPLD21
timestamps:
  login: 1442694295732
  logout: 1442694432117
ipAddress: 192.168.1.223
logoutlocation:
  world: Library_3th_5th
  x: 14.117628238715968
  y: 73.85580979179316
  z: 200.65094928697474
  yaw: 97.950264
  pitch: 18.299969
