lastAccountName: AncientBean
timestamps:
  login: 1457398076412
  logout: 1457399099664
  lastteleport: 1457394376568
  kits:
    tools: 1443660792553
    firework: 1443660832803
    color: 1443660822003
    dtools: 1443660797002
    notch: 1443660813753
ipAddress: 192.168.1.237
logoutlocation:
  world: Libraryhub
  x: 3026.000280085977
  y: 93.34463670715397
  z: -5371.284792881691
  yaw: 121.99985
  pitch: 32.399998
lastlocation:
  world: Libraryhub
  x: 627.694123985039
  y: 105.22939287018538
  z: 234.05887139723507
  yaw: 211.79771
  pitch: 7.799981
afk: false
powertools:
  '280':
  - fireball
teleportenabled: true
