lastAccountName: AncientBean
timestamps:
  login: 1466193216802
  logout: 1466196528773
  lastteleport: 1466193968547
  kits:
    tools: 1443660792553
    firework: 1443660832803
    color: 1443660822003
    dtools: 1443660797002
    notch: 1443660813753
ipAddress: 192.168.1.102
logoutlocation:
  world: Libraryhub
  x: 8082.300000011921
  y: 65.0
  z: 689.6999999880791
  yaw: -80.43442
  pitch: 5.849987
lastlocation:
  world: Libraryhub
  x: 8084.455737975318
  y: 67.8500000178814
  z: 702.0461751084464
  yaw: 310.75372
  pitch: 53.999985
afk: false
powertools:
  '280':
  - fireball
teleportenabled: true
