lastAccountName: AncientBean
timestamps:
  login: 1443660602595
  logout: 1443661013202
  lastteleport: 1443660613902
  kits:
    tools: 1443660792553
    firework: 1443660832803
    color: 1443660822003
    dtools: 1443660797002
    notch: 1443660813753
ipAddress: 192.168.1.112
logoutlocation:
  world: Library_hub
  x: -169.35574074294223
  y: 82.35285074359989
  z: 217.30000001192093
  yaw: 23.844446
  pitch: -32.250004
lastlocation:
  world: Library_6th_12th
  x: -16.331384634798553
  y: 4.0
  z: 116.56677865858971
  yaw: -153.75018
  pitch: -0.14999056
afk: false
powertools:
  '280':
  - fireball
