lastAccountName: AncientBean
timestamps:
  login: 1450815365666
  logout: 1450815978823
  lastteleport: 1443660613902
  kits:
    tools: 1443660792553
    firework: 1443660832803
    color: 1443660822003
    dtools: 1443660797002
    notch: 1443660813753
ipAddress: 192.168.1.199
logoutlocation:
  world: Library_1st_2nd
  x: -343.2859463892659
  y: 15.531394509916383
  z: -1087.6968705699148
  yaw: 44.699646
  pitch: -5.400006
lastlocation:
  world: Library_1st_2nd
  x: -303.7090799672106
  y: 4.0
  z: -1138.6740388883495
  yaw: 95.99986
  pitch: 12.599994
afk: false
powertools:
  '280':
  - fireball
