lastAccountName: PRPLD17
timestamps:
  login: 1456606049198
  logout: 1456607249458
  lastteleport: 1456614319622
ipAddress: 192.168.1.4
logoutlocation:
  world: Libraryhub
  x: 700.3853327002952
  y: 64.0
  z: -843.8117439112046
  yaw: -42.179432
  pitch: 36.900017
lastlocation:
  world: Libraryhub
  x: 1308.699999988079
  y: 68.0
  z: 816.1696353239051
  yaw: -254.83217
  pitch: -8.399998
afk: false
money: '0.0006'
