lastAccountName: PRPLD17
timestamps:
  login: 1453674867503
  logout: 1453674675158
  lastteleport: 1453590271340
ipAddress: 192.168.1.17
logoutlocation:
  world: Libraryhub
  x: 97.43502341419779
  y: 69.0
  z: 201.6677815225283
  yaw: -135.45496
  pitch: -89.69999
lastlocation:
  world: Libraryhub
  x: 2934.7222674582135
  y: 80.0
  z: -2799.903844107088
  yaw: -50.507435
  pitch: 27.749992
afk: false
money: '0.0006'
