lastAccountName: PRPLD02
timestamps:
  login: 1442694787830
  logout: 1442694894618
ipAddress: 192.168.1.214
logoutlocation:
  world: Library_3th_5th
  x: 6.786184841743958
  y: 69.0
  z: 129.00143664226465
  yaw: 146.7001
  pitch: 35.69999
