lastAccountName: PRPLD18
timestamps:
  login: 1456607049874
  logout: 1456607246962
  lastteleport: 1456613685821
ipAddress: 192.168.1.5
logoutlocation:
  world: Libraryhub
  x: 1413.5
  y: 75.0
  z: 857.5
  yaw: -164.43443
  pitch: 6.744285
lastlocation:
  world: Libraryhub
  x: 1345.0678748671055
  y: 75.5
  z: 813.3368058671444
  yaw: 285.6355
  pitch: 45.14999
afk: false
money: '0.0004'
nickname: Chloe
