lastAccountName: PRPLD18
timestamps:
  login: 1453673252878
  logout: 1453672834848
  lastteleport: 1453587905018
ipAddress: 192.168.1.11
logoutlocation:
  world: Libraryhub
  x: 156.5383835021315
  y: 72.4807108763317
  z: 253.65405268785506
  yaw: 10.5000305
  pitch: 14.250016
lastlocation:
  world: Libraryhub
  x: 3021.1146032466954
  y: 70.0
  z: -2193.227692263803
  yaw: 308.92798
  pitch: -81.150024
afk: false
money: '0.0004'
