lastAccountName: PRPLD18
timestamps:
  login: 1471206585780
  logout: 1471203358316
  lastteleport: 1470605936405
ipAddress: 192.168.1.13
logoutlocation:
  world: Libraryhub
  x: 133.05631864650732
  y: 42.41999998688698
  z: 57.10571589540157
  yaw: -52.384853
  pitch: 8.943755
lastlocation:
  world: Libraryhub
  x: 105.64785447607832
  y: 71.0
  z: 18.956727298137864
  yaw: 128.31549
  pitch: -10.389092
afk: false
money: '0.0004'
nickname: creeperboss
