lastAccountName: PRPLD18
timestamps:
  login: 1505716935000
  logout: 1505718372888
  lastteleport: 1500524411833
  kits:
    tools: 1500519710955
ipAddress: 192.168.1.2
logoutlocation:
  world: PRPLDLibraryhub
  x: 1000030.4345092353
  y: 73.0
  z: 1000028.9738117068
  yaw: 30.676758
  pitch: -28.841333
lastlocation:
  world: PRPLDLibraryhub
  x: 137.349679652425
  y: 77.89147670177393
  z: 498.56735930715644
  yaw: 347.169
  pitch: 38.93298
afk: false
money: '0.0004'
