lastAccountName: PRPLD18
timestamps:
  login: 1500506691203
  logout: 1498106125572
  lastteleport: 1500524411833
  kits:
    tools: 1500519710955
ipAddress: 192.168.1.3
logoutlocation:
  world: PRPLDLibraryhub
  x: 4971.699999988079
  y: 63.0
  z: 5004.527349484781
  yaw: 76.19049
  pitch: 25.022066
lastlocation:
  world: PRPLDLibraryhub
  x: -4789.026049356576
  y: 71.0
  z: 186.61651146169473
  yaw: 254.4516
  pitch: 14.493927
afk: false
money: '0.0004'
