lastAccountName: PRPLD15
timestamps:
  login: 1443723157664
  logout: 1443723184898
ipAddress: 192.168.1.122
logoutlocation:
  world: Library_hub
  x: -210.30000001192093
  y: 68.0
  z: 257.69999998807907
  yaw: 282.5998
  pitch: -19.650005
