lastAccountName: PRPLD15
timestamps:
  login: 1442698441565
  logout: 1442698667150
ipAddress: 192.168.1.247
logoutlocation:
  world: Library_3th_5th
  x: 4.835556881781193
  y: 68.0
  z: 216.37757613382018
  yaw: -66.45
  pitch: -1.6500248
