lastAccountName: PRPLD04
timestamps:
  login: 1456610936721
  logout: 1456610794462
  lastteleport: 1456613669371
ipAddress: 192.168.1.164
lastlocation:
  world: Libraryhub
  x: 1366.9597003376275
  y: 79.98929168029609
  z: 781.3635816423413
  yaw: -198.91101
  pitch: 24.36032
logoutlocation:
  world: Libraryhub
  x: 1339.966688774763
  y: 79.12320366246958
  z: 811.7554555425302
  yaw: 354.38916
  pitch: 35.741467
afk: false
money: '0.0007'
