lastAccountName: PRPLD04
timestamps:
  login: 1471205421384
  logout: 1471203806316
  lastteleport: 1471118294092
  jail: 0
ipAddress: 192.168.1.248
lastlocation:
  world: Libraryhub
  x: -14.222988160301242
  y: -338.6145962223012
  z: 56.38724090312663
  yaw: -68.94306
  pitch: 62.240498
logoutlocation:
  world: Libraryhub
  x: 432.004324907305
  y: 79.67262096557634
  z: 387.12432443139136
  yaw: 174.40076
  pitch: 35.19442
afk: false
money: '0.0007'
jailed: false
