lastAccountName: PRPLD04
timestamps:
  login: 1453673258343
  logout: 1453672887289
  lastteleport: 1453674641243
ipAddress: 192.168.1.5
lastlocation:
  world: Libraryhub
  x: 265.16787185196534
  y: 70.0
  z: 766.4879183658068
  yaw: -9.217645
  pitch: 23.822445
logoutlocation:
  world: Libraryhub
  x: 309.1138929242047
  y: 64.10922894011573
  z: 414.30000001192093
  yaw: 120.16699
  pitch: 45.090595
afk: false
money: '0.0007'
nickname: §l04§3§kfdsa
