logoutlocation:
  world: Library_3th_5th
  x: 12.123131731223925
  y: 68.0
  z: 185.1802195842621
  yaw: -51.29959
  pitch: 16.650023
timestamps:
  logout: 1442694827117
  login: 1442694808528
lastAccountName: PRPLD01
ipAddress: 192.168.1.217
