lastAccountName: PRPLD07
timestamps:
  login: 1453674417717
  logout: 1453673938879
  lastteleport: 1453589918790
  mute: 0
ipAddress: 192.168.1.56
logoutlocation:
  world: Libraryhub
  x: 459.970570868633
  y: 53.814859183285876
  z: 700.6457590303568
  yaw: 38.702137
  pitch: 20.099958
lastlocation:
  world: Creative_All_Grades
  x: 318.11808438161006
  y: -7301.078119420945
  z: 753.8285444339839
  yaw: 195.68217
  pitch: -65.99999
afk: false
homes:
  home:
    world: Library_1st_2nd
    x: -288.18753921182474
    y: 8.247436571488446
    z: -920.1096445059906
    yaw: 46.949997
    pitch: 7.4982645E-6
money: '0.0004'
godmode: true
muted: false
