lastAccountName: PRPLD07
timestamps:
  login: 1442698066901
  logout: 1442700597591
ipAddress: 192.168.1.210
logoutlocation:
  world: World
  x: -71.51728438263271
  y: 48.0
  z: -211.44841133419047
  yaw: -29.095573
  pitch: 21.000055
lastlocation:
  world: Library_3th_5th
  x: -146.6481471406187
  y: 87.0
  z: 302.85919783272425
  yaw: 8.999824
  pitch: -17.550005
