timestamps:
  login: 1392504745653
  logout: 1392505037503
  lastteleport: 1392503521188
ipAddress: 192.168.1.190
lastlocation:
  world: world
  x: 33.47793026097323
  y: 63.0
  z: 452.6790427535218
  yaw: 40.513107
  pitch: 3.4531083
logoutlocation:
  world: world
  x: -49.42519835572881
  y: 81.5
  z: 230.49584781956358
  yaw: -292.40604
  pitch: 28.291468
afk: false
