timestamps:
  login: 1415913225405
  logout: 1415913266658
  lastteleport: 1392503521188
ipAddress: 192.168.1.4
lastlocation:
  world: Library_Hub
  x: -113.7894795821603
  y: 63.0
  z: 259.39730644789137
  yaw: -16.800009
  pitch: -35.249977
logoutlocation:
  world: Library_Hub
  x: -88.31274863569
  y: 97.0
  z: 300.44387828976704
  yaw: 355.46362
  pitch: -38.700127
afk: false
