timestamps:
  login: 1409176064448
  logout: 1409176385579
  lastteleport: 1403373789255
ipAddress: 192.168.1.3
lastlocation:
  world: world
  x: -15.661412652466723
  y: 44.0
  z: 409.4658859484269
  yaw: -246.72076
  pitch: 29.060223
logoutlocation:
  world: LibraryHub
  x: 1218.699999988079
  y: 24.0
  z: 1099.2377642889433
  yaw: 174.45203
  pitch: 39.600006
afk: false
