timestamps:
  login: 1417642360100
  logout: 1417029315499
  lastteleport: 1415916934892
ipAddress: 192.168.1.7
lastlocation:
  world: Library_Hub
  x: 271.30000001192093
  y: 11.414430669677753
  z: 109.69999998807904
  yaw: 36.15309
  pitch: 52.199978
logoutlocation:
  world: Library_Aztlan
  x: -626.7950852240482
  y: 13.0
  z: 590.9011342190861
  yaw: 358.05045
  pitch: 34.199986
afk: true
