timestamps:
  login: 1415919280187
  logout: 1415918026067
  lastteleport: 1415916934892
ipAddress: 192.168.1.4
lastlocation:
  world: Library_3rd_5th
  x: -3.300000011920929
  y: 75.0
  z: 237.30000001192093
  yaw: -28.79998
  pitch: 29.4
logoutlocation:
  world: Library_1st_2nd
  x: -317.5
  y: 4.0
  z: -1159.5
  yaw: -25.35005
  pitch: -16.050014
afk: true
