timestamps:
  login: 1417031802147
  logout: 1417029315499
  lastteleport: 1415916934892
ipAddress: 192.168.1.7
lastlocation:
  world: Library_Hub
  x: -88.31274863569
  y: 97.0
  z: 300.44387828976704
  yaw: 1.7636719
  pitch: 7.9498653
logoutlocation:
  world: Library_Aztlan
  x: -626.7950852240482
  y: 13.0
  z: 590.9011342190861
  yaw: 358.05045
  pitch: 34.199986
afk: false
