<<<<<<< HEAD
timestamps:
  login: 1403373166985
  logout: 1403374002448
  lastteleport: 1403373789255
ipAddress: 192.168.1.3
lastlocation:
  world: world
  x: -15.661412652466723
  y: 44.0
  z: 409.4658859484269
  yaw: -246.72076
  pitch: 29.060223
logoutlocation:
  world: world
  x: 38.13926570702826
  y: 71.0
  z: 346.0274458375668
  yaw: -133.34439
  pitch: 13.200092
afk: false
=======
timestamps:
  login: 1387838189357
  logout: 1387838243811
ipAddress: 192.168.1.2
lastlocation:
  world: world
  x: -81.39446113277795
  y: 79.7000000178814
  z: 231.69999998807907
  yaw: -69.4233
  pitch: 29.250002
logoutlocation:
  world: world
  x: 40.90190646496117
  y: 63.0
  z: 199.51862043900235
  yaw: 198.30006
  pitch: -25.20001
afk: false
>>>>>>> 290eeb3490a75b945e1eadc3fa05bc93d4191052
