timestamps:
  login: 1409282981842
  logout: 1409283114203
  lastteleport: 1403373789255
ipAddress: 192.168.1.3
lastlocation:
  world: world
  x: -15.661412652466723
  y: 44.0
  z: 409.4658859484269
  yaw: -246.72076
  pitch: 29.060223
logoutlocation:
  world: LibraryHub
  x: -3.5
  y: 24.0
  z: -5.5
  yaw: 82.949974
  pitch: 37.65001
afk: false
