timestamps:
  login: 1419381247639
  logout: 1419381592990
  lastteleport: 1419381493787
ipAddress: 192.168.1.5
lastlocation:
  world: Library_Aztlan_nether
  x: 750.5
  y: 46.0
  z: 753.5
  yaw: 0.0
  pitch: 0.0
logoutlocation:
  world: Library_Aztlan
  x: 6000.5
  y: 4.0
  z: 6024.5
  yaw: 5.8500047
  pitch: -65.85001
afk: false
