timestamps:
  login: 1416007115501
  logout: 1416007126851
  lastteleport: 1415916934892
ipAddress: 192.168.1.4
lastlocation:
  world: Library_3rd_5th
  x: -3.300000011920929
  y: 75.0
  z: 237.30000001192093
  yaw: -28.79998
  pitch: 29.4
logoutlocation:
  world: world
  x: -46.16632930325941
  y: 82.0
  z: 233.37011182140466
  yaw: 237.69385
  pitch: 12.90001
afk: false
