timestamps:
  login: 1417640166362
  logout: 1417640160733
  lastteleport: 1417640171943
ipAddress: 192.168.1.7
lastlocation:
  world: Library_6th_12th
  x: 94.5
  y: 66.0
  z: 246.5
  yaw: 127.049904
  pitch: -23.100004
logoutlocation:
  world: Library_6th_12th
  x: 94.5
  y: 66.0
  z: 246.5
  yaw: 125.39992
  pitch: -13.6500025
afk: false
