timestamps:
  login: 1417641928692
  logout: 1417640160733
  lastteleport: 1417641629180
ipAddress: 192.168.1.7
lastlocation:
  world: LibraryHub
  x: 35.626857845560316
  y: 32.98712620410093
  z: 94.01877226374162
  yaw: 0.75
  pitch: 11.700003
logoutlocation:
  world: Library_6th_12th
  x: 94.5
  y: 66.0
  z: 246.5
  yaw: 125.39992
  pitch: -13.6500025
afk: false
