timestamps:
  login: 1403373166985
  logout: 1403374002448
  lastteleport: 1403373789255
ipAddress: 192.168.1.3
lastlocation:
  world: world
  x: -15.661412652466723
  y: 44.0
  z: 409.4658859484269
  yaw: -246.72076
  pitch: 29.060223
logoutlocation:
  world: world
  x: 38.13926570702826
  y: 71.0
  z: 346.0274458375668
  yaw: -133.34439
  pitch: 13.200092
afk: false
