timestamps:
  login: 1415919280187
  logout: 1415927634119
  lastteleport: 1415916934892
ipAddress: 192.168.1.4
lastlocation:
  world: Library_3rd_5th
  x: -3.300000011920929
  y: 75.0
  z: 237.30000001192093
  yaw: -28.79998
  pitch: 29.4
logoutlocation:
  world: Library_3rd_5th
  x: -21.62290100825481
  y: 101.0
  z: 280.9101320009214
  yaw: 10.348831
  pitch: 87.45008
afk: false
