timestamps:
  login: 1420155572104
  logout: 1420155916342
  lastteleport: 1419381493787
ipAddress: 192.168.1.5
lastlocation:
  world: Library_3rd_5th
  x: -20.30000001192093
  y: 74.0
  z: 272.6606438656624
  yaw: -112.05005
  pitch: 43.64999
logoutlocation:
  world: Library_3rd_5th
  x: -58.81992000434706
  y: 76.0
  z: 234.28533536696335
  yaw: 225.15007
  pitch: 39.14999
afk: false
