timestamps:
  login: 1428692477755
  logout: 1428692699527
  lastteleport: 1419381493787
ipAddress: 192.168.1.16
lastlocation:
  world: Library_6th_12th
  x: 110.30000001192093
  y: 61.0
  z: 231.69999998807907
  yaw: 4.949746
  pitch: -83.24999
logoutlocation:
  world: Library_6th_12th
  x: 174.3541690107467
  y: 152.35610450965507
  z: 204.9246425987368
  yaw: 169.65112
  pitch: 16.649992
afk: false
