lastAccountName: BraveNewWorld78
timestamps:
  login: 1441059562601
  lastteleport: 1440462429791
  logout: 1441055659090
ipAddress: 192.168.50.128
afk: false
lastlocation:
  world: world_nether
  x: 71.22320021768985
  y: 29.2041001890681
  z: 93.84672515098148
  yaw: 182.24915
  pitch: -68.1
logoutlocation:
  world: world
  x: 360.6055526866107
  y: 67.0
  z: 267.69999998807907
  yaw: 239.25049
  pitch: 47.100006
