lastAccountName: BraveNewWorld78
timestamps:
  login: 1441997315807
  lastteleport: 1441920253652
  logout: 1442003725262
ipAddress: 192.168.50.128
afk: false
lastlocation:
  world: Library_3th_5th
  x: 19.30000001192093
  y: 64.0
  z: 214.30000001192093
  yaw: -59.849884
  pitch: 4.2000046
logoutlocation:
  world: Library_3th_5th
  x: -139.31428814291428
  y: 115.8954562757793
  z: 604.3709990263367
  yaw: 335.7002
  pitch: 57.0
