lastAccountName: PRPLD05
timestamps:
  login: 1442699237377
  lastteleport: 1442699473347
  logout: 1442701617154
ipAddress: 192.168.1.221
lastlocation:
  world: World
  x: 4.21156077208644
  y: 48.0
  z: -220.67723804749872
  yaw: 294.59607
  pitch: 6.749971
nickname: ยง3MissyMouse
powertools: {}
logoutlocation:
  world: World
  x: 306.95422169141636
  y: 133.84475731416703
  z: 523.7567475434975
  yaw: 61.382812
  pitch: -8.699901
