logoutlocation:
  world: World
  x: 286.30000001192093
  y: 134.3833163882467
  z: 525.2183111978786
  yaw: 121.38262
  pitch: 18.900087
timestamps:
  logout: 1442701554655
  login: 1442698327714
  lastteleport: 1442701380562
lastAccountName: PRPLD11
ipAddress: 192.168.1.207
lastlocation:
  world: World
  x: 292.64794118605727
  y: 74.55683974895751
  z: 589.3013397299354
  yaw: -117.41266
  pitch: 72.89986
nickname: Soccer§4Star
