lastAccountName: PRPLD19
timestamps:
  login: 1442695001736
  logout: 1442695187123
ipAddress: 192.168.1.218
logoutlocation:
  world: Library_3th_5th
  x: -23.421503068244256
  y: 70.0
  z: 215.3862764637448
  yaw: 67.350204
  pitch: 16.50001
