timestamps:
  login: 1417646814340
  logout: 1417646967815
ipAddress: 192.168.1.77
lastlocation:
  world: Library_6th_12th
  x: 182.5
  y: 131.0
  z: 261.5
  yaw: 0.0
  pitch: 0.0
logoutlocation:
  world: Library_6th_12th
  x: 179.45020960369843
  y: 100.5
  z: 248.9027659089344
  yaw: 25.205654
  pitch: 54.60003
