lastAccountName: PRPLD13
timestamps:
  login: 1453673513441
  logout: 1453671162206
  lastteleport: 1453590465640
ipAddress: 192.168.1.10
logoutlocation:
  world: Libraryhub
  x: 155.5
  y: 71.0
  z: 258.5
  yaw: 0.0
  pitch: 0.0
lastlocation:
  world: Libraryhub
  x: 2927.549815000644
  y: 80.0
  z: -2807.7497988037344
  yaw: 45.80725
  pitch: 20.24988
socialspy: true
afk: false
money: '0.0005'
