lastAccountName: Dadn2002
timestamps:
  login: 1478225737773
  lastteleport: 1477875639674
  logout: 1478225795097
ipAddress: 192.168.1.4
lastlocation:
  world: PRPLDLibraryhub
  x: 118.47711586371557
  y: 98.01937451097746
  z: 409.29637178024717
  yaw: 74.39994
  pitch: 35.70003
logoutlocation:
  world: PRPLDLibraryhub
  x: 57.692910857409096
  y: 72.0
  z: 365.7101529648397
  yaw: -170.4041
  pitch: -0.8999983
