lastAccountName: Mr_DerpTaco
timestamps:
  login: 1442701269412
  logout: 1442701522156
  lastteleport: 1442699447196
ipAddress: 192.168.1.216
logoutlocation:
  world: World
  x: 479.5972438967211
  y: 67.4718400316408
  z: 1039.4530791396946
  yaw: 15.04675
  pitch: 9.149972
lastlocation:
  world: World
  x: 228.02879384296634
  y: 126.12283184432366
  z: 502.3300683792587
  yaw: -86.43705
  pitch: 31.950035
