lastAccountName: Mr_DerpTaco
timestamps:
  login: 1443659936326
  logout: 1443661038199
  lastteleport: 1443658952807
ipAddress: 192.168.1.3
logoutlocation:
  world: Library_1st_2nd
  x: -295.4147111720628
  y: 5.975172204712419
  z: -1064.746623531827
  yaw: -59.970154
  pitch: 34.34998
lastlocation:
  world: Library_1st_2nd
  x: -304.16176811764365
  y: 4.0
  z: -1114.1625493681502
  yaw: -66.9
  pitch: 28.050001
afk: false
