lastAccountName: PRPLD10
timestamps:
  login: 1471200515739
  logout: 1471114847419
  lastteleport: 1470605805194
ipAddress: 192.168.1.249
logoutlocation:
  world: Libraryhub
  x: 158.83955919030123
  y: 64.0
  z: 45.14266748941095
  yaw: -76.049835
  pitch: -90.0
lastlocation:
  world: Libraryhub
  x: 164.2096226866201
  y: 64.0
  z: 50.64712699989142
  yaw: 192.2995
  pitch: 10.3499775
afk: false
money: '100.0003'
homes:
  home:
    world: Library_Super_Flat
    x: 26.5
    y: 4.0
    z: -2.5
    yaw: -292.07733
    pitch: 10.121138
