lastAccountName: PRPLD10
timestamps:
  login: 1442698640562
  logout: 1442698974645
ipAddress: 192.168.1.208
logoutlocation:
  world: Library_3th_5th
  x: 341.0789526911895
  y: 63.0
  z: 78.03707939413462
  yaw: -212.69946
  pitch: 39.45
