lastAccountName: PRPLD20
timestamps:
  login: 1456606021541
  logout: 1456607249458
  lastteleport: 1455991522187
ipAddress: 192.168.1.172
logoutlocation:
  world: Libraryhub
  x: 1398.250511660577
  y: 73.0
  z: 838.8986066552824
  yaw: -61.756927
  pitch: 15.3147
lastlocation:
  world: Libraryhub
  x: 1413.5
  y: 75.0
  z: 857.5
  yaw: -164.43443
  pitch: 6.744285
afk: false
socialspy: true
money: '104.191'
homes:
  home:
    world: Library_1st_2nd
    x: 164.69999998807907
    y: 4.0
    z: -786.0732621125618
    yaw: -159.15222
    pitch: 35.549995
