lastAccountName: PRPLD20
timestamps:
  login: 1442693651109
  logout: 1442694152118
ipAddress: 192.168.1.216
logoutlocation:
  world: Library_3th_5th
  x: -9.714969153295293
  y: 64.0
  z: 98.13357180271075
  yaw: -221.70003
  pitch: 24.900002
