timestamps:
  login: 1417036957985
  logout: 1417039579448
  lastteleport: 1417035095241
ipAddress: 192.168.1.195
lastlocation:
  world: Library_1st_2nd
  x: -315.27463701416525
  y: 4.0
  z: -1184.8561032794814
  yaw: -13.799835
  pitch: 22.799997
logoutlocation:
  world: Library_1st_2nd
  x: -363.2509215197453
  y: 4.0
  z: -1264.4782959582162
  yaw: -297.7417
  pitch: 3.5999207
afk: false
