timestamps:
  login: 1392502632043
  logout: 1392505105003
  lastteleport: 1392503830547
ipAddress: 192.168.1.215
logoutlocation:
  world: world
  x: -16.0
  y: 44.0
  z: 410.0
  yaw: -24.963778
  pitch: 73.4716
lastlocation:
  world: world
  x: -173.5
  y: 63.0
  z: 136.5
  yaw: -64.182144
  pitch: -11.984726
afk: false
