timestamps:
  login: 1419371518778
  logout: 1419375839891
  lastteleport: 1419375226760
ipAddress: 192.168.1.254
lastlocation:
  world: Library_Aztlan
  x: 6067.091788067319
  y: 4.683539239502537
  z: 6295.779760035061
  yaw: 70.37106
  pitch: 15.791423
nickname: ยง5ruggedrukus
logoutlocation:
  world: Library_Aztlan
  x: 5978.074495023164
  y: 4.131049430126042
  z: 6134.316864211385
  yaw: 324.50317
  pitch: 67.25323
