timestamps:
  login: 1419370109528
  lastteleport: 1419374260043
  logout: 1419375817391
ipAddress: 192.168.1.20
lastlocation:
  world: Library_Aztlan
  x: 6082.722513713375
  y: 12.0
  z: 6020.857098156715
  yaw: 317.5011
  pitch: -2.7001204
logoutlocation:
  world: Library_Aztlan
  x: 5988.27877010249
  y: 6.748487918219353
  z: 6031.659168123445
  yaw: 318.2726
  pitch: 75.75005
nickname: ยง5Gnarwhals
