timestamps:
  login: 1415913129013
  lastteleport: 1415910914741
  logout: 1415915181658
ipAddress: 192.168.1.96
lastlocation:
  world: Library_Hub
  x: -136.58535748291283
  y: 91.44338623791836
  z: 260.2301167714898
  yaw: -321.96167
  pitch: 89.399994
logoutlocation:
  world: Library_Hub
  x: -95.4350707889944
  y: 63.0
  z: 303.8339725129626
  yaw: -257.0306
  pitch: 19.46755
