timestamps:
  login: 1423337050775
  lastteleport: 1423008656692
  logout: 1423337069647
ipAddress: 192.168.1.216
lastlocation:
  world: Library_Aztlan
  x: 5761.166046928815
  y: 18.532233941276544
  z: 5883.904374104581
  yaw: -239.64687
  pitch: 55.500015
logoutlocation:
  world: Library_6th_12th
  x: 194.5
  y: 134.0
  z: 235.5
  yaw: -18.150002
  pitch: -3.1500003
afk: false
nickname: TuxedoHamzter
