timestamps:
  login: 1426279912434
  logout: 1426286102108
  lastteleport: 1426285839107
ipAddress: 192.168.1.12
lastlocation:
  world: Library_Aztlan
  x: -697.2803301039686
  y: 4.0
  z: -196.0941951450061
  yaw: 55.284813
  pitch: 18.599993
logoutlocation:
  world: Library_Aztlan_the_end
  x: 158.39544654124373
  y: 57.0
  z: -4.306746598816241
  yaw: -261.29916
  pitch: 1.0499586
afk: false
