timestamps:
  login: 1418689545913
  logout: 1418689669776
  lastteleport: 1418689625193
ipAddress: 192.168.1.8
lastlocation:
  world: Library_3rd_5th
  x: 5.503721868570933
  y: 64.0
  z: 15.841234819752682
  yaw: -182.09595
  pitch: 55.949997
logoutlocation:
  world: Library_3rd_5th
  x: -19.742405584316657
  y: 65.0
  z: 10.739779178835263
  yaw: 191.10461
  pitch: -15.299991
