timestamps:
  login: 1418688436043
  logout: 1418689437138
  lastteleport: 1418688985904
  mute: 0
ipAddress: 192.168.1.2
lastlocation:
  world: Library_3rd_5th
  x: -22.699999988079075
  y: 53.0
  z: 23.435628680860432
  yaw: -18.748781
  pitch: 4.649935
logoutlocation:
  world: Library_3rd_5th
  x: 25.230613689760503
  y: 63.0
  z: 433.3820600597999
  yaw: -41.8609
  pitch: 19.649961
muted: true
