timestamps:
  login: 1430864824173
  logout: 1429999314098
  lastteleport: 1429997616917
  jail: 0
ipAddress: 192.168.1.5
lastlocation:
  world: Library_6th_12th
  x: 1263.3712772867489
  y: 100.0
  z: -683.9219002875072
  yaw: -100.219055
  pitch: -12.300018
logoutlocation:
  world: Library_6th_12th
  x: 1263.3712772867489
  y: 100.0
  z: -683.9219002875072
  yaw: -178.51941
  pitch: 61.2
jailed: false
money: '1'
