timestamps:
  login: 1435344823248
  logout: 1435354693996
  lastteleport: 1435354645144
  jail: 0
ipAddress: 192.168.1.6
lastlocation:
  world: Library_3rd_5th
  x: 428.3419385016402
  y: 63.0
  z: 641.1650288890372
  yaw: -77.05466
  pitch: 6.599972
logoutlocation:
  world: Library_3rd_5th
  x: 730.3251382068136
  y: 63.0
  z: -130.9303314469591
  yaw: 82.13367
  pitch: 13.267747
jailed: false
money: '1'
