timestamps:
  login: 1416086679842
  logout: 1416092792201
  lastteleport: 1416092383754
ipAddress: 192.168.1.20
logoutlocation:
  world: world_the_end
  x: 94.12027737492384
  y: 49.0
  z: -8.982886986701098
  yaw: 319.79846
  pitch: 31.950003
lastlocation:
  world: world
  x: -47.572999648791786
  y: 82.0
  z: 231.5056351380481
  yaw: -64.35002
  pitch: -65.10003
