timestamps:
  login: 1426280073661
  logout: 1426286119608
  lastteleport: 1426283182931
ipAddress: 192.168.1.10
logoutlocation:
  world: Library_Aztlan
  x: -454.97349146201566
  y: 5.0
  z: 88.3336150587252
  yaw: -284.79968
  pitch: 29.435207
lastlocation:
  world: Library_Aztlan
  x: -456.23750001192093
  y: 5.0
  z: 84.9085453262755
  yaw: 259.26898
  pitch: 36.899975
homes:
  home:
    world: Library_Aztlan
    x: -429.05990376135475
    y: 5.490643189201405
    z: 97.99221631542882
    yaw: 64.91492
    pitch: 23.808691
