timestamps:
  login: 1416086099746
  logout: 1416092792201
  lastteleport: 1416091892263
ipAddress: 192.168.1.14
lastlocation:
  world: world
  x: -171.86365768938282
  y: 80.0
  z: -0.9537414248900286
  yaw: -118.00705
  pitch: 15.449995
logoutlocation:
  world: world_nether
  x: 15.51472728875616
  y: 62.875
  z: 62.258873088157586
  yaw: 223.9483
  pitch: 14.999979
