timestamps:
  login: 1426279941838
  logout: 1426286129608
  lastteleport: 1424113702418
ipAddress: 192.168.1.17
lastlocation:
  world: Library_Aztlan
  x: -810.233011696362
  y: 4.0
  z: -43.327190420300795
  yaw: -73.04999
  pitch: 26.249987
logoutlocation:
  world: Library_Aztlan
  x: -739.5280307468302
  y: -290.45950761421784
  z: -102.54874492157626
  yaw: -87.2843
  pitch: 67.05003
