timestamps:
  login: 1403383404301
  logout: 1403378993334
  lastteleport: 1403384188881
ipAddress: 192.168.1.13
logoutlocation:
  world: world
  x: -187.98208936336917
  y: 64.0
  z: 230.53256617642364
  yaw: 135.30582
  pitch: 24.599985
lastlocation:
  world: world
  x: -104.30000001192094
  y: 55.0
  z: 438.69999998807907
  yaw: 325.44186
  pitch: -17.849997
