timestamps:
  login: 1407621301850
  logout: 1407621214574
  lastteleport: 1407620618193
ipAddress: 192.168.1.8
lastlocation:
  world: world
  x: -1307.4660587968797
  y: 67.0
  z: -1414.9676253698683
  yaw: 293.5114
  pitch: 22.94998
logoutlocation:
  world: world
  x: -64.81499342817338
  y: 71.0
  z: 196.82312314339708
  yaw: -192.33588
  pitch: 17.699997
