timestamps:
  login: 1416088576779
  logout: 1416092806710
  lastteleport: 1416092592768
ipAddress: 192.168.1.19
lastlocation:
  world: world
  x: -125.30000001192096
  y: 46.0
  z: 210.30000001192093
  yaw: 39.07061
  pitch: 7.7529297
logoutlocation:
  world: world
  x: 39.0457839509215
  y: 69.0
  z: 95.21764549244894
  yaw: -171.94598
  pitch: 17.999977
