timestamps:
  login: 1426279969956
  logout: 1426286137108
  lastteleport: 1424824100993
ipAddress: 192.168.1.18
logoutlocation:
  world: Library_Aztlan
  x: -805.0
  y: 4.0
  z: -89.0
  yaw: -5.7000003
  pitch: 18.449999
lastlocation:
  world: Library_Aztlan
  x: 6105.152077223235
  y: 8.352625985396928
  z: 5994.77392707995
  yaw: -92.04904
  pitch: 34.94996
