timestamps:
  login: 1412457602323
  logout: 1412459874414
  lastteleport: 1412459202046
ipAddress: 192.168.1.231
lastlocation:
  world: world
  x: 21.906139825411767
  y: 66.0
  z: -70.97152650602892
  yaw: -31.19773
  pitch: 22.200016
logoutlocation:
  world: world
  x: 16.699999988079075
  y: 67.0
  z: 133.69999998807907
  yaw: -179.70276
  pitch: 15.900071
