timestamps:
  login: 1413653597675
  logout: 1412457744978
  lastteleport: 1413656631204
ipAddress: 192.168.1.2
lastlocation:
  world: world
  x: -27.699999988079075
  y: 88.0
  z: 162.69999998807907
  yaw: 270.91943
  pitch: -69.9
logoutlocation:
  world: world
  x: 14.412352727485565
  y: 57.0
  z: 218.44919293290593
  yaw: 148.19594
  pitch: -14.999982
afk: false
