timestamps:
  login: 1417652011622
  logout: 1417652231165
  lastteleport: 1416092675735
  mute: 0
ipAddress: 192.168.1.55
lastlocation:
  world: Library_6th_12th
  x: 185.5
  y: 131.0
  z: 257.5
  yaw: 0.0
  pitch: 0.0
logoutlocation:
  world: Library_6th_12th
  x: 187.31513931680536
  y: 131.0
  z: 244.60712702702168
  yaw: 54.305435
  pitch: 26.399872
afk: false
muted: true
