timestamps:
  login: 1407618767486
  logout: 1407621032385
  lastteleport: 1407605248853
ipAddress: 192.168.1.15
lastlocation:
  world: world
  x: -51.53713804885073
  y: 63.0
  z: -75.0934660747803
  yaw: 203.50404
  pitch: 28.885576
logoutlocation:
  world: world
  x: -45.09476297772111
  y: 63.0
  z: 358.38675272774105
  yaw: 48.112694
  pitch: 3.2809787
