timestamps:
  login: 1417650412311
  logout: 1417653149160
  lastteleport: 1417653107477
ipAddress: 192.168.1.75
logoutlocation:
  world: Library_6th_12th
  x: 42.689293243011576
  y: 64.0
  z: 315.9757211541056
  yaw: -145.19077
  pitch: 16.05
lastlocation:
  world: Library_6th_12th
  x: 181.58667159155632
  y: 131.0
  z: 251.69564658319493
  yaw: -176.3944
  pitch: 10.949865
nickname: Funny
