timestamps:
  login: 1417650377587
  lastteleport: 1417653227919
  logout: 1417653286660
ipAddress: 192.168.1.63
lastlocation:
  world: Library_6th_12th
  x: 187.68167094528292
  y: 131.0
  z: 249.6643186602322
  yaw: -49.04441
  pitch: 4.19986
logoutlocation:
  world: Library_6th_12th
  x: 80.99865889086686
  y: 84.0
  z: 267.38402022789774
  yaw: 211.05424
  pitch: -79.350044
