timestamps:
  login: 1383756782795
  logout: 1383756791937
ipAddress: 192.168.1.202
lastlocation:
  world: world
  x: -62.46015615492394
  y: 78.0
  z: 252.2491805521209
  yaw: 99.15
  pitch: 2.400006
logoutlocation:
  world: world
  x: -62.71952589629609
  y: 78.0
  z: 250.28987142104674
  yaw: 99.15
  pitch: 2.400006
afk: false
