timestamps:
  login: 1418686758815
  logout: 1418689489638
  lastteleport: 1418687846393
  mute: 0
ipAddress: 192.168.1.11
lastlocation:
  world: Library_3rd_5th
  x: -4.30000001192093
  y: 64.78608123157454
  z: 13.95927410300167
  yaw: -12.602282
  pitch: 24.449991
logoutlocation:
  world: Library_3rd_5th
  x: 41.30000001192093
  y: 73.0
  z: 186.78398367978414
  yaw: 12.002215
  pitch: 37.050007
afk: false
muted: true
