timestamps:
  login: 1430865108849
  lastteleport: 1429993376366
  logout: 1430183077832
  jail: 0
ipAddress: 192.168.1.10
lastlocation:
  world: Library_6th_12th
  x: 184.5
  y: 131.0
  z: 247.5
  yaw: 95.99999
  pitch: 10.650009
logoutlocation:
  world: Library_6th_12th
  x: 192.88375009743618
  y: 131.0
  z: 246.05824077981657
  yaw: -247.65018
  pitch: -9.299983
jailed: false
