timestamps:
  login: 1430863750871
  logout: 1430182792832
  lastteleport: 1429997972419
ipAddress: 192.168.1.17
lastlocation:
  world: Library_6th_12th
  x: 281.5311444285502
  y: 72.0
  z: 254.85883120656644
  yaw: 255.75072
  pitch: 26.549995
logoutlocation:
  world: Library_6th_12th
  x: 117.67111801821575
  y: 97.14528392352518
  z: 606.3881427373204
  yaw: -127.798096
  pitch: -9.15011
afk: false
