timestamps:
  login: 1426279934168
  logout: 1426286132108
  lastteleport: 1424113739779
  mute: 0
ipAddress: 192.168.1.8
lastlocation:
  world: Library_Aztlan
  x: -417.1238993322975
  y: 32.61299167261131
  z: 70.20698716114785
  yaw: 183.9148
  pitch: 46.64973
logoutlocation:
  world: Library_Aztlan
  x: -669.2283028633019
  y: 5.0
  z: -195.69398564998372
  yaw: 80.16235
  pitch: 25.95002
muted: false
