timestamps:
  login: 1412457595674
  logout: 1412459936872
  lastteleport: 1412459785542
ipAddress: 192.168.1.232
logoutlocation:
  world: world
  x: -49.662841966316506
  y: 75.0
  z: 210.95625751677122
  yaw: 154.49579
  pitch: 90.0
lastlocation:
  world: world
  x: -28.151498552262588
  y: 79.5
  z: 231.99118207161646
  yaw: -157.80347
  pitch: 34.050125
