<<<<<<< HEAD
timestamps:
  login: 1403383335841
  logout: 1403378790834
  lastteleport: 1403381946320
ipAddress: 192.168.1.18
lastlocation:
  world: world
  x: -39.5
  y: 133.0
  z: 233.5
  yaw: 0.0
  pitch: 0.0
logoutlocation:
  world: world
  x: -27.32768290049352
  y: 15.962771847747673
  z: 532.5410718943411
  yaw: 233.40169
  pitch: 9.449998
afk: false
=======
timestamps:
  login: 1387407183151
  logout: 1387410167959
ipAddress: 192.168.1.100
lastlocation:
  world: world
  x: -29.30000001192093
  y: 74.0
  z: 252.30000001192093
  yaw: -99.30005
  pitch: 1.2000018
logoutlocation:
  world: world
  x: -43.41202028522028
  y: 78.0
  z: 253.96495369304714
  yaw: -192.14948
  pitch: 64.34999
afk: false
>>>>>>> 290eeb3490a75b945e1eadc3fa05bc93d4191052
