timestamps:
  login: 1392504673300
  logout: 1392504697503
  lastteleport: 1392503888388
ipAddress: 192.168.1.180
logoutlocation:
  world: world_the_end
  x: -10.488365750489573
  y: 64.0
  z: 18.125335394258254
  yaw: 212.69963
  pitch: 33.299946
lastlocation:
  world: world
  x: 24.30000001192094
  y: 68.0
  z: 88.48690573859514
  yaw: 103.67615
  pitch: -88.5
