timestamps:
  login: 1416088555990
  logout: 1416092926711
  lastteleport: 1416092755076
ipAddress: 192.168.1.3
lastlocation:
  world: world_the_end
  x: 100.1529736522195
  y: 49.0
  z: 6.834646469778371
  yaw: 92.54773
  pitch: 7.9499516
logoutlocation:
  world: world_nether
  x: -21.69999998807907
  y: 79.0
  z: 7.351540557491312
  yaw: 113.44195
  pitch: 41.099987
