timestamps:
  login: 1418683648684
  logout: 1418689183121
  lastteleport: 1418688302669
ipAddress: 192.168.1.207
logoutlocation:
  world: Library_3rd_5th
  x: -200.46756956745745
  y: 85.0
  z: -411.0248833718951
  yaw: -259.35736
  pitch: 53.549942
lastlocation:
  world: Library_3rd_5th
  x: -200.706023063045
  y: 64.0
  z: -409.4381481389062
  yaw: 99.89136
  pitch: 55.35
nickname: Funny
