timestamps:
  login: 1418684061881
  logout: 1418689489638
  lastteleport: 1418684177611
  mute: 0
ipAddress: 192.168.1.201
lastlocation:
  world: Library_3rd_5th
  x: -3.604883841639169
  y: 75.0
  z: 287.2414234171365
  yaw: 252.29984
  pitch: 10.799992
logoutlocation:
  world: Library_3rd_5th
  x: -26.5
  y: 101.0
  z: 278.5
  yaw: -3.45
  pitch: -1.9499998
muted: true
