timestamps:
  login: 1383749797097
  logout: 1383749771530
ipAddress: 192.168.1.226
lastlocation:
  world: world
  x: -24.852350499412317
  y: 73.0
  z: 207.03581965513354
  yaw: -33.149933
  pitch: 9.300015
logoutlocation:
  world: world
  x: -88.69999998807907
  y: 64.0
  z: 166.77346984543072
  yaw: -92.25
  pitch: 21.900013
afk: true
