timestamps:
  login: 1412457602523
  logout: 1412459791872
  lastteleport: 1412459377611
ipAddress: 192.168.1.238
logoutlocation:
  world: world
  x: -46.35049099372637
  y: 83.0
  z: 231.35839112787698
  yaw: -297.15375
  pitch: 45.750126
lastlocation:
  world: world
  x: -52.2615169162656
  y: 81.0
  z: 233.17970697282712
  yaw: 266.54626
  pitch: 7.200003
