timestamps:
  login: 1416088567806
  lastteleport: 1416092570722
  logout: 1416092792201
ipAddress: 192.168.1.18
lastlocation:
  world: world
  x: -47.207520973623936
  y: 82.0
  z: 232.906191293684
  yaw: -199.35002
  pitch: 11.849995
logoutlocation:
  world: world
  x: 73.68604380960008
  y: 64.0
  z: 116.9150349616967
  yaw: 106.7572
  pitch: 2.9999695
