timestamps:
  login: 1412450272158
  logout: 1412454130397
  lastteleport: 1412451197509
ipAddress: 192.168.1.237
lastlocation:
  world: world
  x: -25.403593028982247
  y: 60.0
  z: 204.22150091984733
  yaw: 148.19592
  pitch: -0.7499849
logoutlocation:
  world: world
  x: -46.237500011920936
  y: 65.0
  z: 153.82310218502454
  yaw: 55.20117
  pitch: 24.000002
