timestamps:
  login: 1412457630335
  logout: 1412460196872
  lastteleport: 1412459453633
ipAddress: 192.168.1.240
lastlocation:
  world: world
  x: 21.699999988079075
  y: 65.0
  z: -101.58070404225478
  yaw: 237.00148
  pitch: -71.700035
logoutlocation:
  world: world
  x: -34.57666290775342
  y: 68.0
  z: 171.67371800549776
  yaw: 257.54688
  pitch: -85.8
