timestamps:
  login: 1407618867944
  logout: 1407605279039
  lastteleport: 1407621279929
ipAddress: 192.168.1.10
lastlocation:
  world: world
  x: -48.513239514469944
  y: 77.0
  z: 258.69999998807907
  yaw: -14.886139
  pitch: 9.870843
logoutlocation:
  world: world
  x: -15.269835567261943
  y: 70.0
  z: 37.55694432016643
  yaw: 271.0114
  pitch: 43.34991
