timestamps:
  login: 1416085617678
  logout: 1416092772201
  lastteleport: 1416092404739
ipAddress: 192.168.1.13
lastlocation:
  world: world_nether
  x: 13.19886008377046
  y: 63.0
  z: 68.47931195031978
  yaw: 266.70026
  pitch: 15.150042
logoutlocation:
  world: world
  x: 529.8276148608552
  y: 71.0
  z: 65.51850538368193
  yaw: 144.26453
  pitch: 12.589301
afk: false
ban:
  timeout: 0
