timestamps:
  login: 1426284191240
  logout: 1426286117108
  lastteleport: 1423349405968
  mute: 0
ipAddress: 192.168.1.11
lastlocation:
  world: Library_Aztlan
  x: 6365.699999988079
  y: 26.47340126982861
  z: 6084.300000011921
  yaw: 345.33643
  pitch: 88.04999
logoutlocation:
  world: Library_Aztlan
  x: -457.15482360933925
  y: 5.0
  z: 87.73310189770777
  yaw: -193.28058
  pitch: 20.399992
afk: false
muted: false
