timestamps:
  login: 1426280033568
  logout: 1426286142108
  lastteleport: 1426286131213
  mute: 0
ipAddress: 192.168.1.7
lastlocation:
  world: Library_Aztlan_the_end
  x: 11.21984677419047
  y: 65.99897820457392
  z: 7.35368516129761
  yaw: -280.8293
  pitch: 24.39219
logoutlocation:
  world: Library_Aztlan_the_end
  x: 112.69828555028707
  y: 62.779272383140096
  z: -5.508862890398787
  yaw: 93.33334
  pitch: 43.898827
muted: false
nickname: PRPLD12
afk: false
homes:
  home:
    world: Library_Aztlan_the_end
    x: 112.70554141321972
    y: 66.14491975559949
    z: -7.632238827670937
    yaw: 256.50873
    pitch: 70.366325
