timestamps:
  login: 1418684104495
  logout: 1418689489638
  lastteleport: 1416078304734
ipAddress: 192.168.1.5
logoutlocation:
  world: Library_3rd_5th
  x: -13.699999988079073
  y: 120.0
  z: 290.30000001192093
  yaw: 228.89998
  pitch: 41.850006
lastlocation:
  world: Library_Aztlan
  x: 6019.5
  y: 4.0
  z: 6001.5
  yaw: 0.0
  pitch: 0.0
