timestamps:
  login: 1403383586836
  lastteleport: 1403378571908
  logout: 1403380249392
ipAddress: 192.168.1.10
lastlocation:
  world: world
  x: -53.5
  y: 116.0
  z: 214.5
  yaw: 0.0
  pitch: 0.0
logoutlocation:
  world: world
  x: -142.37267077258736
  y: 62.197813680247044
  z: 254.65097990312415
  yaw: 29.94458
  pitch: 7.4999986
