timestamps:
  login: 1435680110109
  logout: 1435682123504
  lastteleport: 1435354669543
  mute: 0
  jail: 0
ipAddress: 192.168.1.3
lastlocation:
  world: Library_3rd_5th
  x: 123.30000001192094
  y: 59.0
  z: 363.69999998807907
  yaw: -278.95554
  pitch: 31.950089
logoutlocation:
  world: Library_3rd_5th
  x: 203.66923539064908
  y: 23.0
  z: 303.7797997141217
  yaw: 187.236
  pitch: 75.35795
afk: false
muted: false
ban:
  reason: Temporarily banned from server for 10 minutes.
  timeout: 0
jailed: false
