timestamps:
  login: 1416085718275
  logout: 1416092921710
  lastteleport: 1416092785911
ipAddress: 192.168.1.22
logoutlocation:
  world: world
  x: 9.5
  y: 71.0
  z: 254.5
  yaw: -112.60806
  pitch: 35.399982
lastlocation:
  world: world_the_end
  x: 88.5
  y: 49.0
  z: -2.5
  yaw: 276.4475
  pitch: 4.199939
nickname: SpongeBob
