timestamps:
  login: 1418689541309
  logout: 1418690097276
  lastteleport: 1418689952240
ipAddress: 192.168.1.209
lastlocation:
  world: Library_3rd_5th
  x: -16.5
  y: 56.0
  z: 30.5
  yaw: 319.2014
  pitch: -90.0
logoutlocation:
  world: Library_3rd_5th
  x: -22.774401637389296
  y: 101.0
  z: 286.8904435191746
  yaw: -61.94999
  pitch: 29.400005
afk: false
