timestamps:
  login: 1407619812504
  logout: 1407619779925
  lastteleport: 1407620697264
ipAddress: 192.168.1.2
lastlocation:
  world: world
  x: -41.4724715034175
  y: 81.0
  z: 232.24869495612157
  yaw: -81.48613
  pitch: 26.520855
logoutlocation:
  world: world
  x: -46.033621346995176
  y: 83.0
  z: 231.8307925514632
  yaw: -87.33613
  pitch: 29.370853
afk: false
ban:
  timeout: 0
