timestamps:
  login: 1430864081950
  logout: 1429999306598
  lastteleport: 1429998697658
  mute: 0
  jail: 0
ipAddress: 192.168.1.6
lastlocation:
  world: Library_6th_12th
  x: -476.5342223332135
  y: 51.0
  z: 851.3777838526023
  yaw: 356.65173
  pitch: 16.949986
logoutlocation:
  world: Library_6th_12th
  x: 272.6922962311217
  y: 63.0
  z: 26.288407417778217
  yaw: 61.94348
  pitch: 19.049969
afk: false
muted: false
ban:
  reason: Temporarily banned from server for 10 minutes.
  timeout: 0
jailed: false
