timestamps:
  login: 1412448853717
  logout: 1412449031807
  lastteleport: 1412445766220
ipAddress: 192.168.1.222
lastlocation:
  world: world
  x: -49.101312669388854
  y: 82.0
  z: 239.77046061339436
  yaw: 144.30106
  pitch: 34.949978
logoutlocation:
  world: world
  x: -46.580407125990185
  y: 83.0
  z: 231.57985431824727
  yaw: -0.45000193
  pitch: 30.750006
