timestamps:
  login: 1416090429829
  logout: 1416092859210
  lastteleport: 1416092812909
ipAddress: 192.168.1.21
lastlocation:
  world: world_the_end
  x: 97.86726619596413
  y: 49.0
  z: -1.7229049815494282
  yaw: 160.9481
  pitch: 32.84998
logoutlocation:
  world: world
  x: 52.56648336011306
  y: 74.0
  z: 264.99001569862185
  yaw: 33.942066
  pitch: 75.45
