timestamps:
  login: 1412457634587
  logout: 1412459776880
  lastteleport: 1412459461284
ipAddress: 192.168.1.225
lastlocation:
  world: world
  x: -41.75569382805753
  y: 71.0
  z: 182.8071559042188
  yaw: -168.60414
  pitch: 19.95004
logoutlocation:
  world: world
  x: -46.61638239373295
  y: 83.0
  z: 231.51583515167698
  yaw: -357.7538
  pitch: 88.649994
afk: false
