timestamps:
  login: 1416085993351
  logout: 1416092767201
  lastteleport: 1416090552739
ipAddress: 192.168.1.15
lastlocation:
  world: world
  x: -46.5
  y: 83.0
  z: 231.5
  yaw: -12.749997
  pitch: 7.05
logoutlocation:
  world: world
  x: -111.3612978063861
  y: 71.0
  z: 274.9717376260881
  yaw: 128.57446
  pitch: 44.249992
afk: false
