timestamps:
  login: 1417650381554
  lastteleport: 1417653149031
  logout: 1417653179198
ipAddress: 192.168.1.71
lastlocation:
  world: Library_6th_12th
  x: 190.8804164271487
  y: 131.0
  z: 260.2382314304712
  yaw: -230.8446
  pitch: -53.99999
logoutlocation:
  world: Library_6th_12th
  x: 34.739207845092686
  y: 64.0
  z: 317.3531508364472
  yaw: -149.24074
  pitch: -24.000002
