timestamps:
  login: 1435682149232
  logout: 1435682186034
  lastteleport: 1435354607976
  jail: 0
ipAddress: 192.168.1.15
lastlocation:
  world: Library_3rd_5th
  x: 140.92885723470738
  y: 65.0
  z: 349.30000001192093
  yaw: 136.84442
  pitch: 5.8499975
logoutlocation:
  world: Library_3rd_5th
  x: 137.67342876151747
  y: 70.0
  z: 375.9902911208643
  yaw: -303.25555
  pitch: 38.099995
jailed: false
afk: false
