timestamps:
  login: 1426279955719
  logout: 1426286117108
  lastteleport: 1426284449819
ipAddress: 192.168.1.5
lastlocation:
  world: Library_Aztlan
  x: -804.5
  y: 4.0
  z: 20.46817028333472
  yaw: -326.16797
  pitch: 58.949825
logoutlocation:
  world: Library_Aztlan
  x: -793.7434648837184
  y: 4.0
  z: 14.092395089992172
  yaw: 157.13147
  pitch: -5.549991
afk: false
ban:
  timeout: 0
