timestamps:
  login: 1392502682637
  logout: 1392504607503
ipAddress: 192.168.1.107
lastlocation:
  world: world
  x: -106.1423777595772
  y: 79.0
  z: 226.4262995519015
  yaw: 72.62613
  pitch: -8.964566
logoutlocation:
  world: world
  x: -44.30000001192093
  y: 81.0
  z: 241.25229306087252
  yaw: -148.8
  pitch: -3.2999988
afk: false
ban:
  timeout: 0
