timestamps:
  login: 1407618806147
  logout: 1407621032385
  lastteleport: 1406757489122
ipAddress: 192.168.1.11
lastlocation:
  world: world
  x: 10.300000011920929
  y: 10.0
  z: 252.3369417136746
  yaw: -314.88583
  pitch: 12.599997
logoutlocation:
  world: world
  x: -78.69999998807907
  y: 71.0
  z: 179.9906125309139
  yaw: 71.21419
  pitch: -32.400017
ban:
  timeout: 0
