timestamps:
  login: 1407621271058
  lastteleport: 1407620814427
  logout: 1407621240183
ipAddress: 192.168.1.12
lastlocation:
  world: world
  x: 40.149126966920086
  y: 71.0
  z: 331.95071686447375
  yaw: -276.63544
  pitch: -0.9000025
logoutlocation:
  world: world
  x: 54.40009308053562
  y: 81.0
  z: 124.69999998807909
  yaw: 329.96344
  pitch: 9.750025
