timestamps:
  login: 1403380282045
  logout: 1402774807571
  lastteleport: 1402774015216
ipAddress: 192.168.1.20
lastlocation:
  world: world
  x: -57.5
  y: 71.0
  z: 209.5
  yaw: 0.0
  pitch: 0.0
logoutlocation:
  world: world
  x: -49.21212854323253
  y: 22.0
  z: 318.8102856662545
  yaw: -279.89508
  pitch: 46.64996
