timestamps:
  login: 1430863615077
  logout: 1429999314098
  lastteleport: 1429999104853
  mute: 0
  jail: 0
ipAddress: 192.168.1.4
lastlocation:
  world: Library_6th_12th
  x: 1263.5
  y: 111.0
  z: -690.5
  yaw: 193.68826
  pitch: 28.436834
logoutlocation:
  world: Library_6th_12th
  x: 1263.5
  y: 111.0
  z: -690.5
  yaw: 85.20393
  pitch: -0.5144961
muted: false
jailed: false
