timestamps:
  login: 1416085898498
  logout: 1416092854210
  lastteleport: 1416091822212
ipAddress: 192.168.1.5
logoutlocation:
  world: world
  x: 463.8048876415954
  y: 67.7000000178814
  z: 322.4907593229463
  yaw: -34.59665
  pitch: 5.5039587
lastlocation:
  world: world
  x: -47.572999648791786
  y: 82.0
  z: 231.5056351380481
  yaw: -90.15
  pitch: 46.04999
