timestamps:
  login: 1417647500299
  logout: 1417650330036
  lastteleport: 1416078304734
ipAddress: 192.168.1.68
logoutlocation:
  world: Library_6th_12th
  x: 192.33190238173356
  y: 90.5
  z: 264.6739553876703
  yaw: -246.2945
  pitch: 33.44986
lastlocation:
  world: Library_6th_12th
  x: 191.5
  y: 131.0
  z: 242.5
  yaw: 0.0
  pitch: 0.0
