timestamps:
  login: 1416090318633
  logout: 1416090797718
  lastteleport: 1416078304734
ipAddress: 192.168.1.12
logoutlocation:
  world: world_nether
  x: 3.9406787998534063
  y: 63.875
  z: 30.415055352372438
  yaw: 274.8
  pitch: 50.85004
lastlocation:
  world: world
  x: 350.7681551775331
  y: 33.0
  z: -527.7607004919769
  yaw: 89.40001
  pitch: 33.750015
