timestamps:
  login: 1417647252837
  logout: 1417647255697
  lastteleport: 1416092592768
ipAddress: 192.168.1.62
lastlocation:
  world: Library_6th_12th
  x: 196.5
  y: 77.0
  z: 235.5
  yaw: 0.0
  pitch: 0.0
logoutlocation:
  world: Library_6th_12th
  x: 184.5
  y: 131.0
  z: 247.5
  yaw: -62.244396
  pitch: 0.14986229
