timestamps:
  login: 1418686115310
  logout: 1418689489638
  lastteleport: 1418689486315
ipAddress: 192.168.1.7
logoutlocation:
  world: Library_3rd_5th
  x: -73.70445439872805
  y: 71.0
  z: 84.54195579575193
  yaw: 297.15494
  pitch: 42.249355
lastlocation:
  world: Library_3rd_5th
  x: -11.45334282885679
  y: 86.0
  z: 11.310777655699683
  yaw: 341.4745
  pitch: 15.749963
