timestamps:
  login: 1430865116372
  logout: 1430181080350
  lastteleport: 1430180705478
  jail: 0
ipAddress: 192.168.1.11
lastlocation:
  world: Library_6th_12th
  x: 184.5
  y: 131.0
  z: 247.5
  yaw: 23.999994
  pitch: -46.49999
logoutlocation:
  world: Library_6th_12th
  x: -775.3082488595683
  y: 150.57797731322958
  z: 701.3000000119209
  yaw: -179.88654
  pitch: -6.4499764
jailed: false
