timestamps:
  login: 1407621085691
  logout: 1407621079574
  lastteleport: 1407621276373
ipAddress: 192.168.1.19
lastlocation:
  world: world
  x: -108.68862523697317
  y: 64.0
  z: 260.30000001192093
  yaw: -49.536255
  pitch: 73.04998
logoutlocation:
  world: world
  x: -46.033621346995176
  y: 83.0
  z: 231.8307925514632
  yaw: -56.736126
  pitch: 13.620852
afk: false
