timestamps:
  login: 1418689543177
  logout: 1418689552276
  lastteleport: 1418688893454
  mute: 0
ipAddress: 192.168.1.10
lastlocation:
  world: Library_3rd_5th
  x: 39.150609059309815
  y: 11.0
  z: 72.21754125066367
  yaw: -262.54132
  pitch: 39.418377
logoutlocation:
  world: Library_3rd_5th
  x: -47.49548786104863
  y: 75.0
  z: 60.34689323812484
  yaw: -210.52632
  pitch: 55.391495
afk: false
muted: false
