timestamps:
  login: 1407618811815
  logout: 1407605282344
  lastteleport: 1407621281235
ipAddress: 192.168.1.17
logoutlocation:
  world: world
  x: -106.76030749082564
  y: 60.92159999847412
  z: 270.4584336567118
  yaw: -322.27124
  pitch: 52.602634
lastlocation:
  world: world
  x: -109.79502519960637
  y: 68.5
  z: 281.1108350079917
  yaw: -252.62244
  pitch: 27.204828
afk: false
