timestamps:
  login: 1416092363466
  logout: 1416092414370
  lastteleport: 1416092379081
ipAddress: 192.168.1.8
lastlocation:
  world: world
  x: -100.25982323204356
  y: 72.96455249140338
  z: 60.78385300827822
  yaw: -176.85052
  pitch: 1.6499578
logoutlocation:
  world: world
  x: -154.61609514933235
  y: 61.0
  z: 228.3809620775786
  yaw: 128.10394
  pitch: -3.149939
