timestamps:
  login: 1403383412872
  logout: 1403380189392
  lastteleport: 1402777392342
ipAddress: 192.168.1.11
logoutlocation:
  world: world
  x: -144.30000001192093
  y: 68.875
  z: -75.24233543731438
  yaw: 9.00056
  pitch: 36.149918
lastlocation:
  world: world
  x: -64.5
  y: 82.0
  z: 251.5
  yaw: 0.0
  pitch: 0.0
