timestamps:
  login: 1417650693699
  logout: 1417652263665
  lastteleport: 1416092755076
  mute: 0
ipAddress: 192.168.1.5
lastlocation:
  world: Library_6th_12th
  x: 164.69999998807907
  y: 49.73584067272827
  z: 239.69887517851174
  yaw: 222.75432
  pitch: 56.250027
logoutlocation:
  world: Library_6th_12th
  x: 246.30000001192093
  y: 61.0
  z: 234.69999998807916
  yaw: -195.44458
  pitch: 4.3499994
muted: true
