timestamps:
  login: 1418689612554
  logout: 1418689642276
  lastteleport: 1418689536310
ipAddress: 192.168.1.6
lastlocation:
  world: Library_3rd_5th
  x: -117.58614802916442
  y: 70.0
  z: 106.3330988866345
  yaw: -273.17194
  pitch: 26.519602
logoutlocation:
  world: Library_3rd_5th
  x: -50.87020363506533
  y: 74.0
  z: 62.13678106220858
  yaw: 109.20505
  pitch: 15.099325
