timestamps:
  login: 1412457602596
  lastteleport: 1412459787685
  logout: 1412459826959
ipAddress: 192.168.1.234
lastlocation:
  world: world
  x: -47.04365560973592
  y: 83.0
  z: 231.53052215227947
  yaw: -334.8038
  pitch: 79.35013
logoutlocation:
  world: world
  x: 14.676614480516987
  y: 59.0
  z: -98.99601997184753
  yaw: -119.39873
  pitch: 27.599998
