timestamps:
  login: 1386367767646
  logout: 1386367843672
ipAddress: 192.168.1.17
lastlocation:
  world: world
  x: -62.46015615492394
  y: 78.0
  z: 252.2491805521209
  yaw: 99.15
  pitch: 2.400006
logoutlocation:
  world: world
  x: -44.826020841340195
  y: 80.0
  z: 243.12244149771115
  yaw: 48.000072
  pitch: 12.15
afk: false
