timestamps:
  login: 1392502686134
  logout: 1392504607503
  lastteleport: 1392503502709
ipAddress: 192.168.1.40
lastlocation:
  world: world
  x: -28.30000001192093
  y: 26.0
  z: 305.69999998807907
  yaw: 191.95396
  pitch: -27.964806
logoutlocation:
  world: world_the_end
  x: 46.378816558372044
  y: 60.76636799395752
  z: -84.63498978931398
  yaw: 353.80518
  pitch: 90.0
afk: false
