timestamps:
  login: 1412457607497
  logout: 1412459724372
  lastteleport: 1412459358388
ipAddress: 192.168.1.235
lastlocation:
  world: world
  x: 47.00266546643674
  y: 67.0
  z: 114.94118292271303
  yaw: -13.953509
  pitch: -18.599947
logoutlocation:
  world: world
  x: -60.20577036967464
  y: 64.0
  z: 356.37339986560863
  yaw: -225.90384
  pitch: 24.900026
