timestamps:
  login: 1407619061967
  logout: 1407621032385
  lastteleport: 1407621323961
ipAddress: 192.168.1.7
logoutlocation:
  world: world
  x: -44.632192114313476
  y: 82.0
  z: 232.87675698792958
  yaw: 19.013882
  pitch: 14.849999
lastlocation:
  world: world
  x: -47.48946077692497
  y: 81.0
  z: 225.61099874277707
  yaw: -17.13615
  pitch: 9.450007
