timestamps:
  login: 1435680162913
  logout: 1435682123504
  lastteleport: 1435353615931
ipAddress: 192.168.1.10
logoutlocation:
  world: Library_3rd_5th
  x: 205.40056405996003
  y: 23.0
  z: 300.49655292236014
  yaw: 187.236
  pitch: 75.35795
lastlocation:
  world: Library_3rd_5th
  x: 167.30000001192093
  y: 108.0
  z: 336.07499998807907
  yaw: 91.51806
  pitch: 53.710083
