timestamps:
  login: 1413655294011
  logout: 1413653497410
  lastteleport: 1412455833492
ipAddress: 192.168.1.3
lastlocation:
  world: world
  x: 147.8237489525452
  y: 71.0
  z: 21.774940705767165
  yaw: 34.65921
  pitch: 10.649967
logoutlocation:
  world: world
  x: -46.61638239373295
  y: 83.0
  z: 231.51583515167698
  yaw: -334.6538
  pitch: 79.35013
afk: false
