timestamps:
  login: 1417651404519
  logout: 1417652576660
  lastteleport: 1416091804530
  mute: 0
ipAddress: 192.168.1.20
lastlocation:
  world: Library_6th_12th
  x: 199.5
  y: 131.0
  z: 245.5
  yaw: 0.0
  pitch: 0.0
logoutlocation:
  world: Library_6th_12th
  x: 204.24833499843734
  y: 69.0
  z: 89.44120617620587
  yaw: -70.5
  pitch: -86.672264
muted: true
