timestamps:
  login: 1435680135149
  logout: 1435682123504
  lastteleport: 1435354375732
  jail: 0
ipAddress: 192.168.1.16
logoutlocation:
  world: Library_3rd_5th
  x: 205.5
  y: 23.0
  z: 301.5
  yaw: 196.6537
  pitch: 16.853136
lastlocation:
  world: Library_3rd_5th
  x: 112.30000001192097
  y: 88.0
  z: 392.8279314340398
  yaw: 182.09644
  pitch: 24.624968
jailed: false
money: '1'
