timestamps:
  login: 1407618820507
  logout: 1407605282344
  lastteleport: 1407621229491
ipAddress: 192.168.1.14
logoutlocation:
  world: world
  x: 6.648440611104565
  y: 70.0
  z: 214.3517980041994
  yaw: -217.6853
  pitch: -5.549999
lastlocation:
  world: world
  x: -30.990948799479234
  y: 73.7000000178814
  z: 296.1649163685953
  yaw: -45.47273
  pitch: 28.800005
