timestamps:
  login: 1417650695519
  logout: 1417651996831
  lastteleport: 1417651807964
ipAddress: 192.168.1.8
logoutlocation:
  world: Library_6th_12th
  x: 1114.699999988079
  y: 46.0
  z: 603.8751400923019
  yaw: 325.35034
  pitch: 4.94993
lastlocation:
  world: Library_6th_12th
  x: 186.23298406982917
  y: 131.0
  z: 251.44653662924742
  yaw: 290.25558
  pitch: 22.499994
nickname: SpongeBlock
