timestamps:
  login: 1413654219741
  logout: 1413654214086
  lastteleport: 1413656097451
ipAddress: 192.168.1.5
logoutlocation:
  world: world
  x: -26.710231364450603
  y: 92.1116330269739
  z: 161.63542522192782
  yaw: 110.97949
  pitch: 52.973347
lastlocation:
  world: world
  x: -37.699999988079
  y: 97.11459083803265
  z: 162.0591190103525
  yaw: 3.2138672
  pitch: 37.962505
