timestamps:
  login: 1418684234799
  logout: 1418689489638
  lastteleport: 1418689536547
ipAddress: 192.168.1.9
logoutlocation:
  world: Library_3rd_5th
  x: 165.5
  y: 75.0
  z: 102.5
  yaw: 234.15063
  pitch: 45.750122
lastlocation:
  world: Library_3rd_5th
  x: 165.5
  y: 75.0
  z: 102.5
  yaw: 234.15063
  pitch: 45.750122
nickname: SpongeBlock
