timestamps:
  login: 1417650378728
  logout: 1417650330036
  lastteleport: 1417649892700
ipAddress: 192.168.1.60
lastlocation:
  world: Library_6th_12th
  x: 123.37585108839693
  y: 64.0
  z: -25.554499505863262
  yaw: 158.41187
  pitch: 25.800003
logoutlocation:
  world: Library_6th_12th
  x: 3.3774535899723306
  y: 75.0
  z: 156.07570732125538
  yaw: 336.01172
  pitch: -1.9498942
