timestamps:
  login: 1407618797595
  logout: 1407621032385
  lastteleport: 1407616018812
ipAddress: 192.168.1.13
lastlocation:
  world: world
  x: -1122.1696856327612
  y: 71.0
  z: -1056.8881411202137
  yaw: 176.0744
  pitch: 20.828367
logoutlocation:
  world: world
  x: -1123.4709901582205
  y: 71.0
  z: -1057.343312194571
  yaw: -117.32568
  pitch: 20.078352
afk: false
