timestamps:
  login: 1426279968357
  logout: 1426286127108
  lastteleport: 1424823911248
ipAddress: 192.168.1.19
lastlocation:
  world: Library_Aztlan
  x: -418.02979050741243
  y: 4.0
  z: 37.440659249312425
  yaw: 269.6712
  pitch: 26.067951
logoutlocation:
  world: Library_Aztlan
  x: -791.8692457520797
  y: 4.0
  z: -91.04254645859129
  yaw: -108.6
  pitch: 13.04999
