timestamps:
  login: 1412457605865
  logout: 1412459876872
  lastteleport: 1412459857229
ipAddress: 192.168.1.241
logoutlocation:
  world: world
  x: -193.5
  y: 64.0
  z: 14.5
  yaw: 184.8508
  pitch: 32.699997
lastlocation:
  world: world
  x: -48.14246861495147
  y: 82.0
  z: 232.58313196765292
  yaw: -144.75397
  pitch: 19.80013
