timestamps:
  login: 1412448751074
  logout: 1412448851852
  lastteleport: 1412443226662
ipAddress: 192.168.1.233
lastlocation:
  world: world
  x: -46.5
  y: 83.0
  z: 231.5
  yaw: -1.0500019
  pitch: 11.700006
logoutlocation:
  world: world
  x: -46.580407125990185
  y: 83.0
  z: 231.57985431824727
  yaw: -11.250002
  pitch: 46.800003
