timestamps:
  login: 1430863726070
  logout: 1430181080350
  lastteleport: 1430183893537
  jail: 0
ipAddress: 192.168.1.8
lastlocation:
  world: Library_6th_12th
  x: 186.97921738095954
  y: 98.40184970855955
  z: 188.46562130873875
  yaw: 358.7325
  pitch: -3.6345654
logoutlocation:
  world: Library_6th_12th
  x: 141.30000001192093
  y: 40.0
  z: 288.0653040353428
  yaw: -216.37318
  pitch: 42.975395
jailed: false
money: '1'
