timestamps:
  login: 1430863730391
  lastteleport: 1428948373921
  logout: 1430181080350
  jail: 0
ipAddress: 192.168.1.18
lastlocation:
  world: Library_6th_12th
  x: 224.67579673738928
  y: 63.0
  z: 264.9217319130066
  yaw: -339.2996
  pitch: 11.250027
logoutlocation:
  world: Library_6th_12th
  x: 224.67579673738928
  y: 63.0
  z: 264.9217319130066
  yaw: -334.1996
  pitch: 8.250027
jailed: false
