timestamps:
  login: 1392502694466
  logout: 1392504752503
  lastteleport: 1392503513890
ipAddress: 192.168.1.16
logoutlocation:
  world: world_the_end
  x: -9.582393382191547
  y: 66.0
  z: 5.604819693869706
  yaw: 260.54297
  pitch: -72.11249
lastlocation:
  world: world
  x: -87.63504454429898
  y: 59.0
  z: 259.30000001192093
  yaw: 308.82666
  pitch: 54.590027
