timestamps:
  login: 1435354279196
  logout: 1435354396624
  lastteleport: 1435346921547
  jail: 0
ipAddress: 192.168.1.8
lastlocation:
  world: Library_3rd_5th
  x: 119.04158970008332
  y: 63.0
  z: 346.74851366261714
  yaw: -204.69946
  pitch: 24.15
logoutlocation:
  world: Library_3rd_5th
  x: 519.8192636803855
  y: 68.0
  z: 644.3782930249216
  yaw: -211.2555
  pitch: 8.999991
jailed: false
