timestamps:
  login: 1412448735007
  lastteleport: 1412445788415
  logout: 1412448826807
ipAddress: 192.168.1.242
lastlocation:
  world: world
  x: -32.10132337338208
  y: 60.0
  z: 278.69999998807907
  yaw: -324.60046
  pitch: 38.25
logoutlocation:
  world: world
  x: -109.99849758119014
  y: 63.0
  z: 271.84402902392253
  yaw: 276.45068
  pitch: 85.19998
