timestamps:
  login: 1430865536768
  logout: 1429999389098
  lastteleport: 1429999268705
  jail: 0
ipAddress: 192.168.1.13
lastlocation:
  world: Library_6th_12th
  x: 1284.734268917407
  y: 69.0
  z: -862.6528285831529
  yaw: -140.69765
  pitch: 7.3785596
logoutlocation:
  world: Library_6th_12th
  x: 1284.734268917407
  y: 69.0
  z: -862.6528285831529
  yaw: -140.69765
  pitch: 7.3785596
jailed: false
