timestamps:
  login: 1412448763493
  logout: 1412448856808
  lastteleport: 1410040520311
ipAddress: 192.168.1.239
lastlocation:
  world: world
  x: -149.8071360102111
  y: 63.0
  z: 299.17389116324324
  yaw: 154.35025
  pitch: -5.364418E-8
logoutlocation:
  world: world
  x: -46.580407125990185
  y: 83.0
  z: 231.57985431824727
  yaw: -6.750002
  pitch: 42.000004
