timestamps:
  login: 1418683904908
  lastteleport: 1417653227919
  logout: 1418689489638
ipAddress: 192.168.1.210
lastlocation:
  world: Library_6th_12th
  x: 187.68167094528292
  y: 131.0
  z: 249.6643186602322
  yaw: -49.04441
  pitch: 4.19986
logoutlocation:
  world: Library_3rd_5th
  x: -135.03981533905747
  y: 65.0
  z: 295.5881570464868
  yaw: -262.5077
  pitch: 22.650007
