timestamps:
  login: 1416085447027
  logout: 1416092764719
  lastteleport: 1416090387232
ipAddress: 192.168.1.9
lastlocation:
  world: world
  x: -207.31992835400132
  y: 60.0
  z: 276.699999988079
  yaw: 52.349884
  pitch: 8.999976
logoutlocation:
  world: world
  x: -2.2684649200140883
  y: 74.0
  z: 221.6941276135126
  yaw: -349.19998
  pitch: 15.299986
