timestamps:
  login: 1418683716486
  lastteleport: 1418688792615
  logout: 1418689173122
ipAddress: 192.168.1.208
lastlocation:
  world: Library_3rd_5th
  x: -200.50734027132918
  y: 80.0
  z: -413.3166220368387
  yaw: -28.957827
  pitch: 10.500013
logoutlocation:
  world: Library_3rd_5th
  x: 39.69999998807907
  y: 18.0
  z: 71.30914061999226
  yaw: 104.54443
  pitch: 29.849993
