timestamps:
  login: 1392502700137
  lastteleport: 1392504882192
  logout: 1392505055003
ipAddress: 192.168.1.3
lastlocation:
  world: world
  x: 46.374793083982425
  y: 69.0
  z: 92.60768798489843
  yaw: -153.4239
  pitch: 6.635407
logoutlocation:
  world: world
  x: -59.831747101791095
  y: 70.0
  z: 180.21910424051433
  yaw: 182.2768
  pitch: 24.150003
