timestamps:
  login: 1418689566399
  logout: 1418689929777
  lastteleport: 1418689194822
ipAddress: 192.168.1.213
lastlocation:
  world: Library_3rd_5th
  x: -8.676788613594294
  y: 86.0
  z: 11.300000011920933
  yaw: -28.30619
  pitch: 26.699913
logoutlocation:
  world: Library_3rd_5th
  x: -0.0323258313587918
  y: 49.75395873804773
  z: 18.69999998807907
  yaw: 97.35636
  pitch: 4.0499883
afk: false
ban:
  timeout: 0
