timestamps:
  login: 1435680130541
  lastteleport: 1435354492940
  logout: 1435682123504
  jail: 0
ipAddress: 192.168.1.18
lastlocation:
  world: Library_3rd_5th
  x: 179.2494663024682
  y: 108.0
  z: 334.0244843755388
  yaw: -30.296629
  pitch: 28.35415
logoutlocation:
  world: Library_3rd_5th
  x: 204.53166608440998
  y: 23.0
  z: 299.953627827048
  yaw: 187.236
  pitch: 75.35795
jailed: false
