timestamps:
  login: 1417650439920
  logout: 1417651949331
  lastteleport: 1417651630047
ipAddress: 192.168.1.77
lastlocation:
  world: Library_6th_12th
  x: 940.6923067674801
  y: 63.0
  z: 342.1604099955631
  yaw: -6.7495084
  pitch: -48.90005
logoutlocation:
  world: Library_6th_12th
  x: 937.8687581179946
  y: 108.0
  z: 348.732405066316
  yaw: 197.84985
  pitch: 57.749874
afk: false
ban:
  timeout: 0
