timestamps:
  login: 1417650397259
  logout: 1417650330036
  lastteleport: 1417650877117
ipAddress: 192.168.1.59
logoutlocation:
  world: Library_6th_12th
  x: 124.02416392858208
  y: 64.0
  z: -25.873309696154184
  yaw: 173.71265
  pitch: 31.050056
lastlocation:
  world: Library_6th_12th
  x: 130.43858622891926
  y: 83.0
  z: 309.0415476077906
  yaw: 103.512794
  pitch: 15.449998
