timestamps:
  login: 1392504603915
  logout: 1392505057503
  lastteleport: 1392503515052
ipAddress: 192.168.1.4
lastlocation:
  world: world
  x: -423.13280382716334
  y: 62.0
  z: 134.79848258713548
  yaw: 341.00098
  pitch: 28.500105
logoutlocation:
  world: world
  x: -425.8693592461292
  y: 62.0
  z: 134.50379959978804
  yaw: -229.49915
  pitch: -20.549915
afk: false
