timestamps:
  login: 1392502670203
  logout: 1392505060003
  lastteleport: 1392503514183
ipAddress: 192.168.1.103
lastlocation:
  world: world
  x: -425.89931996841676
  y: 66.0
  z: 133.9504770266762
  yaw: 285.7763
  pitch: -30.095768
logoutlocation:
  world: world
  x: -425.86539106571456
  y: 62.0
  z: 132.52779145526193
  yaw: -34.721924
  pitch: 31.329277
afk: false
