timestamps:
  login: 1417650377577
  logout: 1417651468019
  lastteleport: 1417651422750
ipAddress: 192.168.1.3
lastlocation:
  world: Library_6th_12th
  x: 195.8456314028105
  y: 121.0
  z: 263.0760999278288
  yaw: -83.69446
  pitch: 19.349836
logoutlocation:
  world: Library_6th_12th
  x: 158.746959692832
  y: 10.0
  z: 321.7217774548333
  yaw: 120.00437
  pitch: 28.499971
