timestamps:
  login: 1416085624730
  logout: 1416092794701
  lastteleport: 1416092757630
ipAddress: 192.168.1.2
lastlocation:
  world: world
  x: 604.2845212452672
  y: 71.0
  z: -1.3580723336498497
  yaw: 114.90869
  pitch: 21.217821
logoutlocation:
  world: world
  x: 62.578470369123735
  y: 64.0
  z: 113.45267476541724
  yaw: -163.88354
  pitch: -18.449995
afk: false
