timestamps:
  login: 1407618781966
  logout: 1407621032121
  lastteleport: 1406757430960
ipAddress: 192.168.1.5
lastlocation:
  world: world_the_end
  x: -129.25059368844188
  y: 44.0
  z: 230.0951808884911
  yaw: -135.15027
  pitch: 37.80004
logoutlocation:
  world: world
  x: -14.699999988079071
  y: 63.0
  z: 233.69999998807907
  yaw: -104.43587
  pitch: 83.250046
