timestamps:
  login: 1416085338566
  logout: 1416092800343
  lastteleport: 1416090571094
ipAddress: 192.168.1.10
lastlocation:
  world: world
  x: -118.30000001192093
  y: 65.0
  z: 312.1064601038357
  yaw: -144.91173
  pitch: 18.450016
logoutlocation:
  world: world
  x: 520.0219467015437
  y: 72.0
  z: -8.278692695608845
  yaw: 2.6441696
  pitch: 30.749971
afk: false
