timestamps:
  login: 1430865173105
  logout: 1430183903905
  lastteleport: 1429998769414
  jail: 0
ipAddress: 192.168.1.2
logoutlocation:
  world: Library_6th_12th
  x: 1263.8357311283924
  y: 100.0
  z: -681.6999999880791
  yaw: -212.47217
  pitch: 66.77959
lastlocation:
  world: Library_6th_12th
  x: 1264.173018825447
  y: 100.0
  z: -681.3000000119209
  yaw: -212.47217
  pitch: 66.77959
afk: false
jailed: false
