timestamps:
  login: 1417650389359
  logout: 1417652766660
  lastteleport: 1417649168797
  mute: 0
ipAddress: 192.168.1.65
lastlocation:
  world: Library_6th_12th
  x: 277.5
  y: 64.0
  z: -84.5
  yaw: 316.66263
  pitch: 29.400064
logoutlocation:
  world: Library_6th_12th
  x: 118.63616125809497
  y: 64.0
  z: -42.8212025424272
  yaw: 167.2821
  pitch: 42.749992
muted: true
