timestamps:
  login: 1426279963274
  logout: 1426286172108
  lastteleport: 1423349188494
  mute: 0
ipAddress: 192.168.1.3
lastlocation:
  world: Library_Aztlan
  x: -820.1253430403099
  y: 7.872540826068933
  z: -36.19946477737751
  yaw: -270.48376
  pitch: 14.428791
logoutlocation:
  world: Library_Aztlan
  x: -805.0
  y: 4.0
  z: -89.0
  yaw: 0.0
  pitch: 0.0
afk: false
muted: false
