timestamps:
  login: 1426280000404
  logout: 1426286119608
  lastteleport: 1423349363029
ipAddress: 192.168.1.221
logoutlocation:
  world: Library_Aztlan
  x: -822.2012569202751
  y: 4.0
  z: -488.7252930787379
  yaw: -132.13123
  pitch: 25.500002
lastlocation:
  world: Library_Aztlan
  x: -742.4150825701162
  y: 4.0
  z: -86.30000001192093
  yaw: -19.950987
  pitch: -23.999968
