timestamps:
  login: 1426279898235
  logout: 1426286127108
  lastteleport: 1424217673289
ipAddress: 192.168.1.9
lastlocation:
  world: Library_Aztlan
  x: 6014.460311234144
  y: 234.1935817704651
  z: 6039.849835618766
  yaw: -78.750824
  pitch: 86.85
logoutlocation:
  world: Library_Aztlan
  x: -766.260728146275
  y: 4.0
  z: -79.0509338015734
  yaw: -27.458649
  pitch: 27.900043
