timestamps:
  login: 1416092786545
  logout: 1416092819210
  lastteleport: 1416092675735
ipAddress: 192.168.1.7
lastlocation:
  world: world
  x: -48.76788881514236
  y: 82.0
  z: 230.06618783952953
  yaw: -100.19995
  pitch: 20.54998
logoutlocation:
  world: world
  x: 99.00074457562049
  y: 67.0
  z: 130.71540477845477
  yaw: -225.49535
  pitch: 90.0
afk: false
