timestamps:
  login: 1383755968677
  logout: 1383756004437
ipAddress: 192.168.1.221
lastlocation:
  world: world
  x: 229.4576887114566
  y: 69.0
  z: 263.2441381193462
  yaw: -156.60005
  pitch: 33.14995
logoutlocation:
  world: world
  x: -47.299146276973985
  y: 82.0
  z: 235.87481127650673
  yaw: -18.000467
  pitch: 35.69999
afk: false
