timestamps:
  login: 1407618930111
  logout: 1407610645677
  lastteleport: 1406757509607
ipAddress: 192.168.1.78
lastlocation:
  world: world
  x: -70.30000001192093
  y: 19.0
  z: 339.30000001192093
  yaw: 330.56323
  pitch: -4.800007
logoutlocation:
  world: world
  x: -60.699999988079085
  y: 70.0
  z: 202.70680372326606
  yaw: -187.23659
  pitch: -15.45
