timestamps:
  login: 1429998510523
  logout: 1429999291598
  lastteleport: 1429999116206
  jail: 0
ipAddress: 192.168.1.17
logoutlocation:
  world: Library_6th_12th
  x: 1263.5
  y: 111.0
  z: -686.5
  yaw: -191.05614
  pitch: 34.499977
lastlocation:
  world: Library_6th_12th
  x: -654.4549292866465
  y: 50.0
  z: 903.6276629157253
  yaw: -177.75085
  pitch: 10.950049
homes:
  home:
    world: Library_Aztlan
    x: -429.05990376135475
    y: 5.490643189201405
    z: 97.99221631542882
    yaw: 64.91492
    pitch: 23.808691
jailed: false
