timestamps:
  login: 1430864235239
  logout: 1429999309289
  lastteleport: 1429999291156
  mute: 0
  jail: 0
ipAddress: 192.168.1.21
lastlocation:
  world: Library_6th_12th
  x: 190.424352366284
  y: 131.0
  z: 257.22707382571724
  yaw: 159.00012
  pitch: 50.100018
logoutlocation:
  world: Library_6th_12th
  x: 190.424352366284
  y: 131.0
  z: 257.22707382571724
  yaw: 144.60013
  pitch: -1.0499839
afk: false
muted: false
jailed: false
money: '599999994'
