timestamps:
  login: 1430863762385
  logout: 1429999304098
  lastteleport: 1429999270755
ipAddress: 192.168.1.16
lastlocation:
  world: Library_6th_12th
  x: 184.9734197137164
  y: 131.0
  z: 248.45425268868541
  yaw: -245.43343
  pitch: 0.43427837
logoutlocation:
  world: Library_6th_12th
  x: 184.9734197137164
  y: 131.0
  z: 248.45425268868541
  yaw: -200.52022
  pitch: -8.34948
afk: false
ban:
  timeout: 0
