timestamps:
  login: 1407621262259
  logout: 1407619606549
  lastteleport: 1407616151155
ipAddress: 192.168.1.6
logoutlocation:
  world: world
  x: -887.3000000119209
  y: 73.0
  z: -1076.7612146004321
  yaw: 97.31671
  pitch: 48.15001
lastlocation:
  world: world
  x: -46.033621346995176
  y: 83.0
  z: 231.8307925514632
  yaw: -77.13613
  pitch: 18.12085
