timestamps:
  login: 1435680115111
  logout: 1435682123504
  lastteleport: 1435681224596
  mute: 0
  jail: 0
ipAddress: 192.168.1.14
lastlocation:
  world: Library_3rd_5th
  x: 139.41416137817137
  y: 70.0
  z: 354.69780792856534
  yaw: 2.0091248
  pitch: 25.592226
logoutlocation:
  world: Library_3rd_5th
  x: 205.03323686216882
  y: 23.0
  z: 302.8330190762575
  yaw: 187.236
  pitch: 75.35795
afk: false
muted: false
jailed: false
money: '599999994'
