timestamps:
  login: 1416088558790
  logout: 1416092804210
  lastteleport: 1416092332308
ipAddress: 192.168.1.16
logoutlocation:
  world: world
  x: -109.6743385483302
  y: 64.0
  z: 287.6968966988118
  yaw: -93.576904
  pitch: 12.900005
lastlocation:
  world: world
  x: -87.23080088651575
  y: 56.0
  z: 512.5745163152001
  yaw: 127.841446
  pitch: 67.50001
