timestamps:
  login: 1417650442818
  logout: 1417652051165
  lastteleport: 1417652009463
  mute: 0
ipAddress: 192.168.1.78
lastlocation:
  world: Library_6th_12th
  x: 184.84910778258345
  y: 131.0
  z: 247.38424379694456
  yaw: -78.4444
  pitch: -34.35014
logoutlocation:
  world: Library_6th_12th
  x: 941.3000000119209
  y: 107.0
  z: 346.69999998807907
  yaw: -208.34969
  pitch: 39.30001
afk: false
muted: true
