timestamps:
  login: 1417645304993
  logout: 1417645314989
  lastteleport: 1416092379081
ipAddress: 192.168.1.4
lastlocation:
  world: Library_6th_12th
  x: 184.5
  y: 80.0
  z: 270.5
  yaw: 0.0
  pitch: 0.0
logoutlocation:
  world: Library_6th_12th
  x: 193.77819099465563
  y: 131.0
  z: 239.58306863819823
  yaw: -89.24431
  pitch: -28.649975
