timestamps:
  login: 1430863617349
  logout: 1430862852330
  lastteleport: 1430864455096
ipAddress: 192.168.1.15
logoutlocation:
  world: Library_6th_12th_nether
  x: 56.27821662310758
  y: 60.0
  z: 82.12718170278342
  yaw: 314.7133
  pitch: 26.587263
lastlocation:
  world: Library_6th_12th_nether
  x: 56.563944554508964
  y: 59.0
  z: 82.59065166892718
  yaw: 324.16324
  pitch: 3.487265
