timestamps:
  login: 1418688283880
  logout: 1418689489638
  lastteleport: 1418687133604
ipAddress: 192.168.1.212
lastlocation:
  world: Library_3rd_5th
  x: 13.404872102691776
  y: 64.0
  z: 21.70176319770914
  yaw: -201.0007
  pitch: 14.850004
logoutlocation:
  world: Library_3rd_5th
  x: -33.12336040705624
  y: 55.0
  z: 77.69999998807909
  yaw: -333.42984
  pitch: 9.463903
