timestamps:
  login: 1435680131330
  logout: 1435682123504
  lastteleport: 1435354625585
  jail: 0
ipAddress: 192.168.1.5
lastlocation:
  world: Library_3rd_5th
  x: 146.82458094091214
  y: 107.0
  z: 334.59695001359415
  yaw: 124.72092
  pitch: 89.33445
logoutlocation:
  world: Library_3rd_5th
  x: 204.0609426202758
  y: 23.0
  z: 301.05627089341846
  yaw: 187.236
  pitch: 75.35795
jailed: false
money: '1'
ban:
  reason: Temporarily banned from server for 1 minute 59 seconds.
  timeout: 0
