timestamps:
  login: 1426279870718
  logout: 1426286112108
  lastteleport: 1426280998752
ipAddress: 192.168.1.6
lastlocation:
  world: Library_Aztlan
  x: -447.0223946101489
  y: 4.0
  z: 18.225817825202856
  yaw: -312.82465
  pitch: -13.99105
logoutlocation:
  world: Library_Aztlan
  x: -758.2032287632494
  y: 9.479338326165527
  z: -91.99641445580566
  yaw: 296.5547
  pitch: 3.6114736
