timestamps:
  login: 1418683835467
  logout: 1418689489638
  lastteleport: 1418689422865
  mute: 0
ipAddress: 192.168.1.214
lastlocation:
  world: Library_3rd_5th
  x: -89.93197184726446
  y: 66.0
  z: 91.58741004476286
  yaw: -285.8471
  pitch: 20.249954
logoutlocation:
  world: Library_3rd_5th
  x: -48.93553054812751
  y: 74.0
  z: 62.2037505282225
  yaw: 132.47513
  pitch: 6.4976892
afk: false
muted: false
