timestamps:
  login: 1435680141327
  logout: 1435682123504
  lastteleport: 1435679280154
  mute: 0
  jail: 0
ipAddress: 192.168.1.7
lastlocation:
  world: Library_3rd_5th
  x: 142.85668906566687
  y: 70.0
  z: 374.68303747449346
  yaw: -15.105649
  pitch: -28.199926
logoutlocation:
  world: Library_3rd_5th
  x: 205.5
  y: 23.0
  z: 301.5
  yaw: 317.586
  pitch: 90.0
muted: false
afk: false
homes:
  home:
    world: Library_Aztlan_the_end
    x: 112.70554141321972
    y: 66.14491975559949
    z: -7.632238827670937
    yaw: 256.50873
    pitch: 70.366325
ban:
  reason: '§4Banned:

    §rNO'
  timeout: 0
jailed: false
