timestamps:
  login: 1417647637744
  logout: 1417647639742
  lastteleport: 1416090552739
ipAddress: 192.168.1.76
lastlocation:
  world: Library_6th_12th
  x: 189.5
  y: 89.0
  z: 269.5
  yaw: 0.0
  pitch: 0.0
logoutlocation:
  world: Library_6th_12th
  x: 189.00059721250037
  y: 131.5
  z: 253.9521957784678
  yaw: 207.00368
  pitch: -31.199982
afk: false
