timestamps:
  login: 1416088561499
  lastteleport: 1416088763011
  logout: 1416089119379
ipAddress: 192.168.1.17
lastlocation:
  world: world
  x: -46.5
  y: 83.0
  z: 231.5
  yaw: -1.8000008
  pitch: 15.600006
logoutlocation:
  world: world
  x: -106.69999998807907
  y: 64.0
  z: 270.765346146681
  yaw: -155.68811
  pitch: -40.049988
