timestamps:
  login: 1407618797595
  logout: 1407621032385
  lastteleport: 1406757640875
ipAddress: 192.168.1.9
logoutlocation:
  world: world
  x: -9.699999988079067
  y: 73.0
  z: 213.30000001192093
  yaw: -174.93567
  pitch: -7.3791347
lastlocation:
  world: world
  x: -46.033621346995176
  y: 83.0
  z: 231.8307925514632
  yaw: 4.913874
  pitch: 9.570854
