timestamps:
  login: 1412457940245
  logout: 1412459841872
  lastteleport: 1412459339514
ipAddress: 192.168.1.236
logoutlocation:
  world: world
  x: -8.371982277452004
  y: 68.0
  z: 155.66876057332877
  yaw: -40.053436
  pitch: 16.649998
lastlocation:
  world: world
  x: -13.703422293561077
  y: 58.0
  z: -93.17473740395825
  yaw: 133.50275
  pitch: 20.249954
nickname: SpongeBob
