<<<<<<< HEAD
timestamps:
  login: 1403383396648
  logout: 1403379627773
  lastteleport: 1403384249804
ipAddress: 192.168.1.7
lastlocation:
  world: world
  x: -45.51259208814342
  y: 81.0
  z: 226.83003343319328
  yaw: 40.505432
  pitch: -72.00001
logoutlocation:
  world: world
  x: -47.18522290822635
  y: 83.0
  z: 231.30000001192093
  yaw: -88.04468
  pitch: -4.1999907
afk: false
=======
timestamps:
  login: 1383749797097
  logout: 1383749771530
ipAddress: 192.168.1.226
lastlocation:
  world: world
  x: -24.852350499412317
  y: 73.0
  z: 207.03581965513354
  yaw: -33.149933
  pitch: 9.300015
logoutlocation:
  world: world
  x: -88.69999998807907
  y: 64.0
  z: 166.77346984543072
  yaw: -92.25
  pitch: 21.900013
afk: true
>>>>>>> 290eeb3490a75b945e1eadc3fa05bc93d4191052
