timestamps:
  login: 1407618773069
  logout: 1407621032175
  lastteleport: 1407620756693
ipAddress: 192.168.1.16
lastlocation:
  world: world
  x: -469.35513785758513
  y: 71.0
  z: -479.3115796975949
  yaw: -54.670837
  pitch: 12.059843
logoutlocation:
  world: world
  x: -133.66865069093183
  y: 60.0
  z: 213.69999998807907
  yaw: 358.76294
  pitch: -4.049843
afk: false
