timestamps:
  login: 1418685370669
  logout: 1418687093868
  lastteleport: 1418686648623
  mute: 0
ipAddress: 192.168.1.162
lastlocation:
  world: Library_3rd_5th
  x: -11.50485706480787
  y: 119.0
  z: 295.9075888669411
  yaw: 82.50244
  pitch: 0.1510474
logoutlocation:
  world: Library_3rd_5th
  x: -100.1935224686631
  y: 8.0
  z: 195.126899696515
  yaw: 94.23328
  pitch: -4.5078034
muted: true
