timestamps:
  login: 1430863736170
  logout: 1430183931405
  lastteleport: 1430184336331
  jail: 0
ipAddress: 192.168.1.19
logoutlocation:
  world: Library_6th_12th
  x: 189.58522679009192
  y: 133.24099295842305
  z: 250.92740469489075
  yaw: 235.45518
  pitch: 40.062256
lastlocation:
  world: Library_6th_12th_nether
  x: 37.78256597589529
  y: 79.98241978926536
  z: -266.668944089674
  yaw: 162.28804
  pitch: 38.531586
jailed: false
money: '1'
