timestamps:
  login: 1417650454362
  logout: 1417652166165
  lastteleport: 1417648569196
  mute: 0
ipAddress: 192.168.1.79
lastlocation:
  world: Library_6th_12th
  x: 202.0257805093901
  y: 119.0
  z: 259.61711298389423
  yaw: -163.64442
  pitch: 28.349863
logoutlocation:
  world: Library_6th_12th
  x: 941.6999999880791
  y: 98.0
  z: 344.30000001192093
  yaw: 125.25049
  pitch: 84.9
afk: false
muted: true
