timestamps:
  login: 1407618758455
  logout: 1407619606549
  lastteleport: 1407621171710
ipAddress: 192.168.1.20
lastlocation:
  world: world
  x: -8.759351929052563
  y: 72.0
  z: 221.30000001192093
  yaw: -185.58624
  pitch: -13.200003
logoutlocation:
  world: world
  x: -45.9533153881653
  y: 81.0
  z: 215.56341177079108
  yaw: 268.61374
  pitch: -12.32914
afk: false
