timestamps:
  login: 1407618762309
  logout: 1407621032385
  lastteleport: 1407620358214
ipAddress: 192.168.1.18
lastlocation:
  world: world
  x: -45.52678769845736
  y: 82.0
  z: 233.2311173653123
  yaw: 162.86363
  pitch: -69.74991
logoutlocation:
  world: world
  x: -96.69999998807907
  y: 70.0
  z: 228.69999998807907
  yaw: 97.16357
  pitch: 64.35004
afk: false
ban:
  timeout: 0
