timestamps:
  login: 1426280504411
  logout: 1426286097108
  lastteleport: 1424113734287
ipAddress: 192.168.1.34
logoutlocation:
  world: Library_Aztlan
  x: -788.3104345313975
  y: 4.0
  z: 9.062882425904892
  yaw: 277.66504
  pitch: 21.299992
lastlocation:
  world: Library_3rd_5th
  x: 139.17347537458514
  y: 70.0
  z: 369.46182322515205
  yaw: 325.15546
  pitch: 5.400049
