timestamps:
  login: 1426279877429
  lastteleport: 1426281027408
  logout: 1426286159608
ipAddress: 192.168.1.14
lastlocation:
  world: Library_Aztlan
  x: -576.9155528952709
  y: 5.529367595578466
  z: 285.5400849595203
  yaw: 140.24915
  pitch: 49.049973
logoutlocation:
  world: Library_Aztlan
  x: -823.387061073763
  y: 4.0
  z: -486.4048238167271
  yaw: -18.523682
  pitch: 2.2499762
