timestamps:
  login: 1417650422011
  logout: 1417653174160
  lastteleport: 1417652972126
ipAddress: 192.168.1.69
lastlocation:
  world: Library_6th_12th
  x: 124.36766810262695
  y: 64.0
  z: -24.948744571831128
  yaw: 83.13263
  pitch: 14.099988
logoutlocation:
  world: Library_6th_12th
  x: 184.84910778258345
  y: 131.0
  z: 247.38424379694456
  yaw: 128.4056
  pitch: -90.0
