timestamps:
  login: 1407613527562
  lastteleport: 1406754944995
  logout: 1407613528546
ipAddress: 192.168.1.3
lastlocation:
  world: world
  x: -340.8169387935771
  y: 62.0
  z: 245.6927688102503
  yaw: 2.2296448
  pitch: 3.4500012
logoutlocation:
  world: world
  x: 32.54342344189274
  y: 78.0
  z: 310.22103936882786
  yaw: -9.785681
  pitch: 18.120876
