timestamps:
  login: 1412457603688
  logout: 1412458606151
  lastteleport: 1410036977509
ipAddress: 192.168.1.229
lastlocation:
  world: world
  x: -47.17956040486983
  y: 76.0
  z: 209.58286498380588
  yaw: 272.55
  pitch: 39.000004
logoutlocation:
  world: world
  x: 60.314895237394786
  y: 88.0
  z: 539.4321990172525
  yaw: -334.48138
  pitch: 16.500017
afk: false
