timestamps:
  login: 1392504766913
  logout: 1392504777503
  lastteleport: 1392503580909
ipAddress: 192.168.1.179
lastlocation:
  world: world
  x: -55.91617323651716
  y: 80.0
  z: 235.5009582310347
  yaw: -217.32376
  pitch: -10.164579
logoutlocation:
  world: world
  x: -46.71981462932308
  y: 76.5
  z: 261.67870631241965
  yaw: 1.0500062
  pitch: 25.350004
