timestamps:
  login: 1435680094266
  logout: 1435682123504
  lastteleport: 1435681263102
ipAddress: 192.168.1.19
lastlocation:
  world: Library_3rd_5th
  x: 113.30000001192097
  y: 64.0
  z: 396.69999998807907
  yaw: -155.50824
  pitch: 56.25
logoutlocation:
  world: Library_3rd_5th
  x: 203.30000001192093
  y: 23.0
  z: 302.06242622159425
  yaw: 174.33597
  pitch: 63.657948
afk: false
