timestamps:
  login: 1430865109163
  logout: 1430181080350
  lastteleport: 1430865209984
  mute: 0
  jail: 0
ipAddress: 192.168.1.3
lastlocation:
  world: Library_Aztlan_the_end
  x: 84.22325077891567
  y: 57.0
  z: -5.576898609971097
  yaw: -31.917053
  pitch: 5.2499995
logoutlocation:
  world: Library_6th_12th
  x: -783.6767737041145
  y: 119.73783205457859
  z: 636.0432886335284
  yaw: 71.02795
  pitch: 36.29998
muted: false
afk: false
homes:
  home:
    world: Library_Aztlan_the_end
    x: 112.70554141321972
    y: 66.14491975559949
    z: -7.632238827670937
    yaw: 256.50873
    pitch: 70.366325
ban:
  reason: '§4Banned:

    §rNO'
  timeout: 0
jailed: false
