timestamps:
  login: 1392504901646
  logout: 1392505032503
  lastteleport: 1392504572197
ipAddress: 192.168.1.109
lastlocation:
  world: world_the_end
  x: -12.7471746925788
  y: 66.0
  z: -34.57735449795647
  yaw: 192.17615
  pitch: 40.95001
logoutlocation:
  world: world
  x: -41.40643618056588
  y: 81.0
  z: 231.9722100678832
  yaw: -200.82434
  pitch: 38.850002
afk: false
