timestamps:
  login: 1403383371134
  logout: 1402774807363
  lastteleport: 1394920102477
ipAddress: 192.168.1.5
lastlocation:
  world: world
  x: -60.5
  y: 72.0
  z: 212.5
  yaw: 0.0
  pitch: 0.0
logoutlocation:
  world: world
  x: -48.76737854323253
  y: 22.0
  z: 317.85627785375453
  yaw: -282.14508
  pitch: 47.399956
afk: false
