timestamps:
  login: 1426279952888
  lastteleport: 1424113491432
  logout: 1426286119608
ipAddress: 192.168.1.16
lastlocation:
  world: Library_Aztlan
  x: -731.4645942592763
  y: 4.0
  z: -101.85790767731902
  yaw: -268.04498
  pitch: 25.349941
logoutlocation:
  world: Library_Aztlan
  x: -755.4653338716763
  y: 29.354908126776387
  z: -150.06493761722226
  yaw: 288.93237
  pitch: 46.949993
