<<<<<<< HEAD
timestamps:
  login: 1402768954860
  logout: 1402769591729
  lastteleport: 1401742269961
ipAddress: 192.168.1.20
logoutlocation:
  world: world
  x: -42.557141128362495
  y: 117.73782359456658
  z: 221.59068547518382
  yaw: 166.03912
  pitch: 26.400028
lastlocation:
  world: world
  x: -435.0021937869385
  y: 96.87228427519896
  z: -41.51505772561819
  yaw: 247.49847
  pitch: 30.000025
afk: false
=======
timestamps:
  login: 1387407244695
  logout: 1387412645459
  lastteleport: 1387407367133
ipAddress: 192.168.1.16
logoutlocation:
  world: world
  x: -39.97175505770779
  y: 79.0
  z: 222.30296371603396
  yaw: 72.83154
  pitch: 40.900585
lastlocation:
  world: world
  x: -44.612329932510306
  y: 119.77165797733555
  z: 223.89284063985025
  yaw: 29.981445
  pitch: 40.68835
afk: false
>>>>>>> 290eeb3490a75b945e1eadc3fa05bc93d4191052
