timestamps:
  login: 1430863848171
  logout: 1430863849830
  lastteleport: 1430183884339
ipAddress: 192.168.1.22
logoutlocation:
  world: Library_6th_12th
  x: -876.794921186989
  y: 113.11691616712324
  z: 520.7930236245602
  yaw: -271.1748
  pitch: -5.506118
lastlocation:
  world: Library_6th_12th
  x: 188.36011151485002
  y: 131.0
  z: 249.46668208781244
  yaw: -3.3000026
  pitch: 0.60000855
afk: false
nickname: CactusKing
