timestamps:
  login: 1416092762838
  logout: 1416092772201
  lastteleport: 1416092537474
ipAddress: 192.168.1.228
logoutlocation:
  world: world
  x: -47.572999648791786
  y: 82.0
  z: 231.5056351380481
  yaw: -91.05
  pitch: 50.399998
lastlocation:
  world: world_the_end
  x: 79.24665502987224
  y: 49.0
  z: 3.8678256784021987
  yaw: -113.54965
  pitch: 9.000035
afk: false
nickname: CactusKing
