timestamps:
  login: 1418687491074
  logout: 1418688868374
  lastteleport: 1418688303110
ipAddress: 192.168.1.223
logoutlocation:
  world: Library_3rd_5th
  x: -102.71598927052337
  y: 87.0
  z: -450.05585046902075
  yaw: 307.32715
  pitch: 21.450603
lastlocation:
  world: Library_3rd_5th
  x: -15.804521545413042
  y: 69.90818321117915
  z: 22.433641752686306
  yaw: 43.70248
  pitch: 18.44847
afk: false
nickname: CactusKing
