timestamps:
  login: 1424109668504
  logout: 1424112646150
  lastteleport: 1418688303110
ipAddress: 192.168.1.51
logoutlocation:
  world: Library_3rd_5th
  x: -102.38105676795223
  y: 87.0
  z: -452.475228413561
  yaw: -345.48047
  pitch: 30.750128
lastlocation:
  world: Library_3rd_5th
  x: -15.804521545413042
  y: 69.90818321117915
  z: 22.433641752686306
  yaw: 43.70248
  pitch: 18.44847
afk: false
nickname: CactusKing
