timestamps:
  login: 1410031144013
  logout: 1410041136533
  lastteleport: 1410041029243
ipAddress: 192.168.1.161
logoutlocation:
  world: world
  x: -81.07886670775706
  y: 67.0
  z: 258.9731659940313
  yaw: 219.00383
  pitch: 72.44998
lastlocation:
  world: world
  x: 129.3319433608818
  y: 74.0
  z: 180.59135985365657
  yaw: 11.992127
  pitch: 43.650066
afk: false
