timestamps:
  login: 1415314176647
  logout: 1415314221528
  lastteleport: 1415312755576
ipAddress: 192.168.1.5
lastlocation:
  world: Library_Hub
  x: -122.30000001192099
  y: 63.0
  z: 261.30000001192093
  yaw: -181.5
  pitch: 12.9
logoutlocation:
  world: Library_Hub
  x: -96.65105694789247
  y: 65.15473176351254
  z: 246.69999998807907
  yaw: -187.50049
  pitch: 8.999957
afk: false
