timestamps:
  login: 1403383394094
  logout: 1403384565752
  lastteleport: 1403384422967
ipAddress: 192.168.1.3
lastlocation:
  world: world
  x: -121.13967286510875
  y: 84.37673102081966
  z: 260.2917165249755
  yaw: -250.34503
  pitch: 67.04989
logoutlocation:
  world: world
  x: -52.058995397098286
  y: 100.73791552071494
  z: 195.64130668048386
  yaw: 212.706
  pitch: 54.449993
afk: false
