timestamps:
  login: 1417575869794
  logout: 1417575879887
  lastteleport: 1415312755576
ipAddress: 192.168.1.24
lastlocation:
  world: Library_Hub
  x: -122.30000001192099
  y: 63.0
  z: 261.30000001192093
  yaw: -181.5
  pitch: 12.9
logoutlocation:
  world: Library_Hub
  x: -76.18914323879406
  y: 63.5
  z: 300.95837011179174
  yaw: -276.1508
  pitch: -32.70005
afk: false
