<<<<<<< HEAD
timestamps:
  login: 1403383394094
  logout: 1403384565752
  lastteleport: 1403384422967
ipAddress: 192.168.1.3
lastlocation:
  world: world
  x: -121.13967286510875
  y: 84.37673102081966
  z: 260.2917165249755
  yaw: -250.34503
  pitch: 67.04989
logoutlocation:
  world: world
  x: -52.058995397098286
  y: 100.73791552071494
  z: 195.64130668048386
  yaw: 212.706
  pitch: 54.449993
afk: false
=======
timestamps:
  login: 1387406630011
  logout: 1387409330459
ipAddress: 192.168.1.5
lastlocation:
  world: world
  x: -65.95227671175473
  y: 78.0
  z: 219.890656330512
  yaw: -205.49939
  pitch: 21.449999
logoutlocation:
  world: world
  x: -42.223654106266984
  y: 78.0
  z: 255.20772766429587
  yaw: -217.04994
  pitch: 6.1499968
afk: false
>>>>>>> 290eeb3490a75b945e1eadc3fa05bc93d4191052
