timestamps:
  login: 1392503569440
  logout: 1392504580003
  lastteleport: 1392503572695
ipAddress: 192.168.1.6
lastlocation:
  world: world
  x: -188.417431883517
  y: 82.23792733858892
  z: -11.49116042662474
  yaw: 207.92432
  pitch: 4.7999635
logoutlocation:
  world: world
  x: -47.876274910015646
  y: 81.0
  z: 239.12277644604248
  yaw: 2.249999
  pitch: 1.9500037
afk: false
