timestamps:
  login: 1409275518771
  logout: 1407619669994
  lastteleport: 1407619443895
ipAddress: 192.168.1.12
lastlocation:
  world: world
  x: -32.409942730685444
  y: 133.36435596545437
  z: 134.4975239443953
  yaw: -272.54474
  pitch: 69.45
logoutlocation:
  world: world
  x: -51.36237566782409
  y: 90.46133580433137
  z: 387.794295588576
  yaw: 161.81389
  pitch: 25.950054
afk: false
