timestamps:
  login: 1424109601018
  lastteleport: 1424113769976
  logout: 1424110348236
ipAddress: 192.168.1.10
lastlocation:
  world: Library_3rd_5th
  x: 139.5507235065873
  y: 93.85318686248331
  z: 398.69999998807907
  yaw: 317.20526
  pitch: 22.650023
logoutlocation:
  world: Library_Aztlan
  x: 5917.429915631149
  y: 9.417685219684087
  z: 5673.15686467274
  yaw: -285.57068
  pitch: 5.5499487
afk: false
homes:
  home:
    world: world_nether
    x: 49.30000001192092
    y: 30.0
    z: 72.30000001192093
    yaw: -89.553314
    pitch: 6.449918
