timestamps:
  login: 1428946066858
  lastteleport: 1428947810590
  logout: 1428947839358
ipAddress: 192.168.1.13
lastlocation:
  world: Library_6th_12th
  x: 132.34068335511893
  y: 67.99064318920136
  z: 291.682877647009
  yaw: 259.04944
  pitch: 6.300012
logoutlocation:
  world: Library_6th_12th_the_end
  x: 63.811228187264916
  y: 87.99003630402306
  z: 24.442932118549443
  yaw: 308.97125
  pitch: 64.649994
afk: false
homes:
  home:
    world: world_nether
    x: 49.30000001192092
    y: 30.0
    z: 72.30000001192093
    yaw: -89.553314
    pitch: 6.449918
