timestamps:
  login: 1394916072037
  lastteleport: 1394919600578
  logout: 1394919834580
ipAddress: 192.168.1.79
lastlocation:
  world: world_the_end
  x: 97.43837609306279
  y: 50.0
  z: 0.23981757828719977
  yaw: 115.6502
  pitch: -12.900066
logoutlocation:
  world: world
  x: 2.537850320173962
  y: 73.0
  z: -9.319177072483498
  yaw: 81.91324
  pitch: 24.595987
