jails: 
  jail: 
    world: Library_1st_2nd
    x: -178.19798027964828
    y: 4.0
    z: -1401.8285810019154
    yaw: 228.43121
    pitch: 31.049994
