jails: 
  arena: 
    world: Libraryhub
    x: -8711.680935694376
    y: 66.0
    z: 8557.279266129875
    yaw: -210.44836
    pitch: 12.150016
  dadn: 
    world: Libraryhub
    x: 10395.363826137238
    y: 88.0
    z: 4849.777087518184
    yaw: -173.79144
    pitch: 16.46124
  death: 
    world: Libraryhub
    x: -14.222988160301242
    y: -4.816927578829283
    z: 56.38724090312663
    yaw: 109.06923
    pitch: -74.700005
