jails: 
  tower: 
    world: PRPLDLibraryhub
    x: 109.05299882755656
    y: 82.0
    z: 405.73213998273985
    yaw: -279.8136
    pitch: 27.750002
