spawns: 
  default: 
    world: Library_3rd_5th
    x: 136.58896279782354
    y: 70.0
    z: 371.6533580260806
    yaw: 13.455444
    pitch: 11.850046
