spawns: 
  default: 
    world: Library_3rd_5th
    x: 137.67342876151747
    y: 70.0
    z: 375.9902911208643
    yaw: -177.10565
    pitch: 15.450069
