spawns: 
  prpld02: 
    world: world
    x: -10.494519722246975
    y: 66.0
    z: 271.34362976037266
    yaw: 162.6278
    pitch: 82.35004
  default: 
    world: world
    x: -45.61921737804877
    y: 82.0
    z: 232.4625212330066
    yaw: 132.92615
    pitch: 25.83543
