spawns: 
  default: 
    world: Library_3rd_5th
    x: -26.467440520604722
    y: 101.0
    z: 278.8536117201069
    yaw: 311.5489
    pitch: 7.5000634
