spawns: 
  default: 
    world: world
    x: -47.572999648791786
    y: 82.0
    z: 231.5056351380481
    yaw: -90.15
    pitch: 46.04999
  end: 
    world: world_the_end
    x: 100.59975342939596
    y: 50.0
    z: 0.8866405528481811
    yaw: 1.9499589
    pitch: 47.849926
