spawns: 
  default: 
    world: Library_Aztlan
    x: 6003.588186440172
    y: 4.0
    z: 5994.656234174125
    yaw: 1.6046143
    pitch: 19.649954
