spawns: 
  prpld02: 
    world: world
    x: -10.494519722246975
    y: 66.0
    z: 271.34362976037266
    yaw: 162.6278
    pitch: 82.35004
  default: 
    world: world
    x: -46.54320812091354
    y: 83.0
    z: 231.39611931304472
    yaw: -352.19464
    pitch: 25.650007
