spawns: 
  default: 
    world: Library_6th_12th
    x: 184.84910778258345
    y: 131.0
    z: 247.38424379694456
    yaw: -67.64441
    pitch: 12.89986
