spawns: 
  prpld02: 
    world: world
    x: -10.494519722246975
    y: 66.0
    z: 271.34362976037266
    yaw: 162.6278
    pitch: 82.35004
  default: 
    world: world
    x: -46.033621346995176
    y: 83.0
    z: 231.8307925514632
    yaw: -56.736126
    pitch: 13.620852
