world: Library_3rd_5th
x: 126.7178903394156
y: 87.0
z: 396.05658618124164
yaw: 2.305542
pitch: 16.499987
name: AdminFort
