world: world
x: 77.24914022063916
y: 73.0
z: 256.95531991080577
yaw: 81.233215
pitch: 21.00003
name: adminhouse
