world: Library_3rd_5th
x: -102.71598927052337
y: 87.0
z: -450.05585046902075
yaw: 355.86194
pitch: 44.967525
name: Airship
