world: Libraryhub
x: 637.9821869154898
y: 112.0
z: 445.10149214745076
yaw: 268.82727
pitch: 21.788452
name: airship
