world: Library_1st_2nd
x: -290.62492800117843
y: 4.0
z: -1241.8698212064958
yaw: -91.78686
pitch: 62.01862
name: Altar
