world: Libraryhub
x: -8686.607186277024
y: 66.0
z: 8563.644214148107
yaw: 77.14084
pitch: 12.493892
name: arena
