world: Library_6th_12th
x: -1023.2407765130258
y: 67.0
z: 522.0873686127711
yaw: -1.453948
pitch: 4.799998
name: arena
