world: Library_3rd_5th
x: 614.4469921939834
y: 91.0
z: 911.2983468696727
yaw: 30.340729
pitch: 17.999865
name: BackupSpawn
