world: world
x: 7424.5386986206
y: 64.0
z: 3810.74401218881
yaw: 86.70122
pitch: 43.499916
name: BeanIsland
