world: Library_3rd_5th
x: 270.3671469716117
y: 65.0
z: 222.98332746530707
yaw: 348.51984
pitch: 68.39994
name: bedrock
