world: Library_3rd_5th
x: 270.433044450098
y: 64.0
z: 218.37936603020952
yaw: 351.37012
pitch: 31.19997
name: bedrock2
