world: Library_hub
x: -173.56802184753
y: 69.0
z: 234.8762566095589
yaw: -89.55549
pitch: 37.499996
name: BigSpawn
