world: Library_3rd_5th
x: -328.35987082121
y: 195.0
z: 536.3700918548379
yaw: -121.63632
pitch: 31.43178
name: BrineIsland
