world: world
x: 184.1008931607888
y: 64.0
z: 65.33036350898645
yaw: 179.58641
pitch: 9.449991
name: cactuschurch
