world: Library_3rd_5th
x: -1219.2760966694689
y: 4.0
z: 380.7334172989849
yaw: -84.589294
pitch: 58.349957
name: cakeplace
