world: Libraryhub
x: -7612.722798649057
y: 9.0
z: 8433.201916048192
yaw: 1.0973511
pitch: 25.050182
name: Cave
