world: Library_3rd_5th
x: -1103.4369232492013
y: 4.0
z: 473.52171683156985
yaw: 265.80994
pitch: 2.250042
name: cj
