world: Library_3rd_5th
x: 228.26445545701418
y: 4.0
z: -561.9432192949511
yaw: -342.62347
pitch: 7.40384
name: Cliff
