world: Libraryhub
x: 319.7656423139149
y: 24.0
z: 30.87245776508567
yaw: -359.70496
pitch: 45.98517
name: CMND
