world: Library_1st_2nd
x: -348.87688937108237
y: 4.0
z: -1081.189898133499
yaw: 337.26657
pitch: 52.94364
name: CMND
