world: Libraryhub
x: 121.34688710188493
y: 63.0
z: 254.69999998807907
yaw: -179.09053
pitch: -4.3009214
name: CommandCenter
