world: Libraryhub
x: 414.3306394822674
y: 81.0
z: 41.33760031929704
yaw: -174.12567
pitch: 33.380424
name: commandthingy
