world: 6th-12th
x: 138.3257672544457
y: 55.0
z: -27.067344832122874
yaw: -86.850586
pitch: 15.599979
name: ControlCenter2
