world: Library_3rd_5th
x: 156.98683638127912
y: 61.0
z: 136.75114718960424
yaw: -176.53716
pitch: -15.600053
name: ControlCenter
