world: PRPLDLibraryhub
x: -4900.991228332524
y: 64.0
z: 534.4195323146449
yaw: 87.70496
pitch: 23.922869
name: desertspawn
