world: Libraryhub
x: 432.699999988079
y: 68.0
z: 325.33037611778167
yaw: 83.9382
pitch: 3.1648917
name: Diamondhouse
