world: Library_3rd_5th
x: 603.9339608072488
y: 64.0
z: 353.66609286625976
yaw: -82.57626
pitch: 44.99996
name: DirtCastle
