world: Library_1st_2nd
x: -73.89951629132567
y: 4.0
z: -1433.6930475684767
yaw: -89.5719
pitch: 10.499949
name: DiscoParty
