world: Library_6th_12th
x: -218.45500771264048
y: 131.0
z: 244.09222117760322
yaw: -358.19824
pitch: 34.649963
name: Dropper
