world: Libraryhub
x: 423.69999998807907
y: 74.0
z: 617.3097468000229
yaw: -201.84279
pitch: 42.229664
name: EasterEggHunt
