world: Libraryhub
x: 397.3877010852071
y: 63.0
z: 622.261305983324
yaw: -329.74802
pitch: 32.210762
name: Easter
