world: Libraryhub
x: -7162.670089121794
y: 67.0
z: 7005.4043050508835
yaw: -266.64966
pitch: 36.373505
name: egghunt
