world: Library_3rd_5th_the_end
x: 100.0
y: 49.0
z: 0.0
yaw: -267.03708
pitch: -19.379538
name: end
