world: Library_1st_2nd
x: -371.3417637706365
y: 4.0
z: -1305.7985755434129
yaw: 207.45001
pitch: 5.4000177
name: Fields
