world: Library_Aztlan
x: 6104.1567009530645
y: 4.0
z: 5958.482208585667
yaw: 91.96796
pitch: 7.139319
name: fountkin
