world: Library_6th_12th
x: -295.16259285861815
y: 1.0
z: 546.3380375637984
yaw: 206.97858
pitch: 4.89459
name: H
