world: Library_1st_2nd
x: -198.69999998807907
y: 4.0
z: -978.3000000119209
yaw: 227.8639
pitch: 73.09751
name: hideandseek
