world: Library_1st_2nd
x: -22.510118193164928
y: 10.0
z: -1698.3660703200858
yaw: 271.37347
pitch: 41.930756
name: home
