world: Library_6th_12th
x: -386.46313391972495
y: 94.0
z: 1123.4385759488061
yaw: -90.526764
pitch: 5.0999928
name: Horses
