world: Library_1st_2nd
x: 162.14951135689137
y: 4.0
z: -786.6318045434974
yaw: 279.23798
pitch: 28.098757
name: house
