world: Library_hub
x: -174.16945701487137
y: 69.0
z: 233.65819405006752
yaw: 39.74445
pitch: 2.099998
name: Hub
