world: Library_1st_2nd
x: 133.20850904664968
y: 64.0
z: -909.8881438454679
yaw: 143.10806
pitch: 13.3231125
name: hunt
