world: Library_3rd_5th
x: -54.50831269511039
y: 74.44998762656074
z: 499.11504439178736
yaw: 274.6944
pitch: 69.15005
name: InstantDeath/tpall
