world: Library_3rd_5th
x: -2304.2501225641404
y: 83.0
z: -403.0909797765472
yaw: -69.094666
pitch: 37.75454
name: island
