world: Library_1st_2nd
x: -845.4680967948201
y: 1.0
z: -1191.3423227054539
yaw: 25.681335
pitch: 53.107334
name: j
