world: Library_1st_2nd
x: -253.69999998807904
y: 4.0
z: -1019.6999999880791
yaw: 334.23163
pitch: 16.499945
name: Jail
