world: Library_1st_2nd
x: -253.55967919531943
y: 4.0
z: -1014.870447597006
yaw: 191.401
pitch: 16.799847
name: JailOfJosh
