world: Library_6th_12th
x: -769.5951690619556
y: 65.0
z: 756.2300494716812
yaw: 178.58064
pitch: -46.80001
name: Jesus
