world: 6-12Creative
x: -6.295973953399328
y: 92.0
z: 35.057366601522496
yaw: -177.75037
pitch: 49.199978
name: JoshTower2
