world: Library_1st_2nd
x: -234.69033387612407
y: 11.987946752497303
z: -996.5186701212975
yaw: 274.23315
pitch: 10.050004
name: JoshSlime
