world: Library_6th_12th
x: -269.427937287375
y: 4.0
z: 262.22626003710343
yaw: -266.375
pitch: 22.500126
name: JoshAmpitheater
