world: Library_Aztlan
x: -436.3399334961653
y: 4.0
z: -211.43662865941758
yaw: 90.43307
pitch: 18.453651
name: joustingarena
