world: Library_Aztlan
x: -462.39242862764684
y: 4.0
z: -190.58340835096797
yaw: -174.80415
pitch: 35.391582
name: Joust
