world: Library_6th_12th
x: -761.0003814852051
y: 254.0
z: 675.5639778753966
yaw: -272.16928
pitch: 35.10005
name: jump
