world: Library_6th_12th
x: -485.3586408186998
y: 84.0
z: 864.0999857874481
yaw: 5.801544
pitch: 29.43552
name: LavaTemple
