world: Library_3rd_5th
x: 336.69999998807907
y: 26.200000047683716
z: 369.69999998807907
yaw: 138.34683
pitch: 28.436823
name: lavaaaaa
