world: Library_3rd_5th
x: -1019.0283520319246
y: 4.0
z: 425.0021128508064
yaw: 272.52234
pitch: 88.7046
name: LavaRoom
