world: Library_6th_12th
x: -480.0065782260421
y: 51.0
z: 856.5736828244455
yaw: -144.63129
pitch: -4.8405566
name: lavajail
