world: Library_6th_12th
x: 1264.5543030046358
y: 100.0
z: -686.6999999880791
yaw: 24.344015
pitch: 28.837833
name: libary
