world: Library_6th_12th
x: -669.4988731459016
y: 64.28054623864956
z: 933.5195674728602
yaw: 4.0491123
pitch: 4.3500013
name: Loki
