world: Library_6th_12th
x: -231.3528923602351
y: 18.122935467364208
z: -12.07981236202187
yaw: 162.6629
pitch: 41.212765
name: Maddie's
