world: Library_3rd_5th
x: 1697.5053437088482
y: 1.0
z: 383.5557920172788
yaw: -91.30533
pitch: 14.400063
name: Maze
