world: world
x: -2.9802022372028625
y: 92.0
z: -250.9601853557087
yaw: -95.35651
pitch: 5.400012
name: melontemple
