world: Library_3rd_5th
x: -1221.3865694647604
y: 4.0
z: 380.37243682724744
yaw: 275.40112
pitch: 63.599815
name: Missy's
