world: Library_3rd_5th
x: -1216.699999988079
y: 1.0
z: 384.69999998807907
yaw: -137.23972
pitch: 66.15005
name: Missy
