world: Library_3rd_5th
x: -1213.5395666201557
y: 1.0
z: 384.69999998807907
yaw: -258.5896
pitch: 47.850098
name: Missy'shangout
