world: world
x: -303.23114322579437
y: 70.0
z: -450.08088931186774
yaw: -273.96744
pitch: -19.813179
name: moon
