world: PRPLDLibraryhub
x: -999614.7743355477
y: 86.77882585156937
z: -999816.6123883087
yaw: -272.28256
pitch: 32.85001
name: New
