world: Library_3rd_5th
x: 138.8029298506997
y: 90.0
z: 380.2165258028687
yaw: -97.45558
pitch: 48.150078
name: ORB
