world: Library_3rd_5th
x: -1026.1799448071706
y: 4.0
z: 424.73986937370654
yaw: 259.13736
pitch: 52.493267
name: outside
