world: Library_1st_2nd
x: -54.429702173702736
y: 4.0
z: -1628.3895591536657
yaw: 180.26021
pitch: 72.14995
name: Parkour
