world: Libraryhub
x: 10040.837660815167
y: 78.0
z: 4801.776438306393
yaw: 318.84366
pitch: -9.508835
name: Prison
