world: world
x: 184.57271160961872
y: 64.0
z: 73.63404462303257
yaw: 179.74695
pitch: -1.3499782
name: Pyramid
