world: PRPLDLibraryhub
x: -478.564000320571
y: 54.0
z: 247.26510605194477
yaw: -165.3584
pitch: 56.549995
name: Rave
