world: Library_3rd_5th
x: 1425.1015775672145
y: 64.0
z: 224.84022371021354
yaw: -216.36432
pitch: 11.132565
name: redstonethings
