world: Library_Aztlan
x: 6315.317568272687
y: 4.0
z: 6448.234025987009
yaw: -278.74908
pitch: -2.6999955
name: Skeleton
