world: Library_1st_2nd
x: -132.69999998807907
y: 4.0
z: -1305.5279851204948
yaw: 270.82544
pitch: 29.046934
name: snowballgreen
