world: Library_1st_2nd
x: -56.30000001192096
y: 4.0
z: -1305.4190061704637
yaw: 91.90039
pitch: 22.987253
name: snowballred
