world: Library_Hub
x: -89.82561827898733
y: 97.0
z: 300.87690227964384
yaw: -92.79175
pitch: 6.2999783
name: spawn
