world: Library_3rd_5th
x: 26.732044627052147
y: 70.0
z: 222.51951707821496
yaw: -126.44894
pitch: 7.799964
name: spawn
