world: PRPLDLibraryhub
x: 108.53219381373628
y: 72.0
z: 405.2542178741957
yaw: 183.24628
pitch: 43.19993
name: Spawn
