world: Library_1st_2nd
x: 15.748562043108539
y: 1.0
z: -871.3072968072901
yaw: 25.262787
pitch: 36.74999
name: spleef
