world: world
x: -154.87921419381706
y: 73.0
z: 35.323930056120055
yaw: 229.4303
pitch: 0.98179495
name: Spleef
