world: Library_3rd_5th
x: -348.6040347679026
y: 136.49064318920142
z: 16.12140986026221
yaw: 89.677765
pitch: 59.699978
name: SpleefArena
