world: world
x: -169.72993236833972
y: 66.23981936600332
z: 134.23257032988127
yaw: -5.7361407
pitch: -15.179148
name: spongebob
