world: PRPLDLibraryhub
x: 4987.682377217966
y: 74.0
z: 5046.370109820793
yaw: -136.70416
pitch: 64.65003
name: survivalspawn
