world: Library_6th_12th
x: -732.5624144656691
y: 72.0
z: 423.7271120380135
yaw: -85.92216
pitch: 64.49989
name: TACOKING
