world: Library_1st_2nd
x: -1817.4933026666283
y: 40.0
z: -1891.5115281319745
yaw: 176.0028
pitch: 50.790447
name: temple
