world: world_nether
x: 57.675434779476426
y: 35.0
z: 100.89465846882455
yaw: 181.64392
pitch: 6.7499785
name: Temple2
