world: Library_6th_12th
x: -889.0914668275353
y: 109.0
z: 519.8243815196671
yaw: 93.39736
pitch: 12.130911
name: temple
