world: Library_1st_2nd
x: -581.3116653477413
y: 256.0
z: -976.2035631297017
yaw: -2.1621733
pitch: 74.85003
name: TheDrop
