world: Libraryhub
x: 4025.1870238131096
y: 65.0
z: 4798.385306841264
yaw: -113.26755
pitch: 40.525253
name: TheDock
