world: Libraryhub
x: 11225.724556603129
y: 107.62323885805569
z: 4227.028925566829
yaw: -272.2414
pitch: 9.26562
name: Thingy
