world: Library_1st_2nd
x: -256.36368584450383
y: 4.0
z: -1025.8174082171922
yaw: 182.58179
pitch: 16.800024
name: TowerOfJosh
