world: Libraryhub
x: 8183.499607756544
y: 82.0
z: 1860.4680822355645
yaw: -181.65503
pitch: 77.10002
name: Tower
