world: Library_3rd_5th
x: 197.8762711869691
y: 255.0
z: -527.3473072032558
yaw: -29.707375
pitch: 42.150204
name: Tower
