world: PRPLDLibraryhub
x: 1000017.308523446
y: 131.0
z: 999951.6573349998
yaw: 34.464573
pitch: 56.55001
name: TOWER
