world: Library_1st_2nd
x: 115.46686565115768
y: 64.0
z: -921.9222243190815
yaw: 90.74097
pitch: 8.17399
name: TreasureHunt
