world: Library_3rd_5th
x: -210.64709102547306
y: 13.255354026909888
z: 498.4013586636504
yaw: 271.8362
pitch: 13.949995
name: underground
