world: Library_1st_2nd
x: -497.492963106588
y: 4.0
z: -1162.6051635374615
yaw: 180.75732
pitch: 8.2497635
name: WitherKing
