world: Library_6th_12th
x: -591.3582420731619
y: 63.0
z: 820.6999999880791
yaw: 186.08144
pitch: -14.099976
name: xengarth
