world: Library_3rd_5th
x: -1042.496652777341
y: 6.0
z: 474.5145388910252
yaw: -272.00885
pitch: -8.997246
name: xornob
